3 #SUP: 2839
5 #SUP: 2971
7 #SUP: 3076
9 #SUP: 2874
25 #SUP: 2860
29 #SUP: 3181
34 #SUP: 3040
36 #SUP: 3099
40 #SUP: 3170
48 #SUP: 3013
52 #SUP: 3185
56 #SUP: 3021
58 #SUP: 3195
60 #SUP: 3149
62 #SUP: 3060
66 #SUP: 3021
3 62 #SUP: 2724
3 62 29 #SUP: 2724
3 62 58 #SUP: 2724
3 62 29 58 #SUP: 2724
3 7 #SUP: 2765
3 7 60 #SUP: 2731
3 7 60 29 #SUP: 2731
3 7 60 29 52 #SUP: 2722
3 7 60 29 58 #SUP: 2731
3 7 60 29 52 58 #SUP: 2722
3 7 60 52 #SUP: 2722
3 7 60 52 58 #SUP: 2722
3 7 60 58 #SUP: 2731
3 7 40 #SUP: 2739
3 7 40 29 #SUP: 2739
3 7 40 29 52 #SUP: 2730
3 7 40 29 58 #SUP: 2739
3 7 40 29 52 58 #SUP: 2730
3 7 40 52 #SUP: 2730
3 7 40 52 58 #SUP: 2730
3 7 40 58 #SUP: 2739
3 7 29 #SUP: 2765
3 7 29 52 #SUP: 2756
3 7 29 58 #SUP: 2765
3 7 29 52 58 #SUP: 2756
3 7 52 #SUP: 2756
3 7 52 58 #SUP: 2756
3 7 58 #SUP: 2765
3 36 #SUP: 2746
3 36 40 #SUP: 2720
3 36 40 29 #SUP: 2720
3 36 40 58 #SUP: 2720
3 36 40 29 58 #SUP: 2720
3 36 29 #SUP: 2746
3 36 29 52 #SUP: 2737
3 36 29 58 #SUP: 2746
3 36 29 52 58 #SUP: 2737
3 36 52 #SUP: 2737
3 36 52 58 #SUP: 2737
3 36 58 #SUP: 2746
3 60 #SUP: 2805
3 60 40 #SUP: 2780
3 60 40 29 #SUP: 2780
3 60 40 29 52 #SUP: 2771
3 60 40 29 58 #SUP: 2780
3 60 40 29 52 58 #SUP: 2771
3 60 40 52 #SUP: 2771
3 60 40 52 58 #SUP: 2771
3 60 40 58 #SUP: 2780
3 60 29 #SUP: 2805
3 60 29 52 #SUP: 2796
3 60 29 58 #SUP: 2805
3 60 29 52 58 #SUP: 2796
3 60 52 #SUP: 2796
3 60 52 58 #SUP: 2796
3 60 58 #SUP: 2805
3 40 #SUP: 2813
3 40 29 #SUP: 2813
3 40 29 52 #SUP: 2804
3 40 29 58 #SUP: 2813
3 40 29 52 58 #SUP: 2804
3 40 52 #SUP: 2804
3 40 52 58 #SUP: 2804
3 40 58 #SUP: 2813
3 29 #SUP: 2839
3 29 52 #SUP: 2830
3 29 58 #SUP: 2839
3 29 52 58 #SUP: 2830
3 52 #SUP: 2830
3 52 58 #SUP: 2830
3 58 #SUP: 2839
25 48 #SUP: 2749
25 48 36 #SUP: 2730
25 48 36 29 #SUP: 2718
25 48 36 29 58 #SUP: 2717
25 48 36 52 #SUP: 2720
25 48 36 52 58 #SUP: 2719
25 48 36 58 #SUP: 2729
25 48 60 #SUP: 2731
25 48 60 29 #SUP: 2719
25 48 60 29 58 #SUP: 2718
25 48 60 52 #SUP: 2721
25 48 60 52 58 #SUP: 2720
25 48 60 58 #SUP: 2730
25 48 40 #SUP: 2723
25 48 40 58 #SUP: 2722
25 48 29 #SUP: 2737
25 48 29 52 #SUP: 2727
25 48 29 58 #SUP: 2736
25 48 29 52 58 #SUP: 2726
25 48 52 #SUP: 2739
25 48 52 58 #SUP: 2738
25 48 58 #SUP: 2748
25 62 #SUP: 2738
25 62 40 #SUP: 2723
25 62 40 58 #SUP: 2723
25 62 29 #SUP: 2726
25 62 29 58 #SUP: 2726
25 62 52 #SUP: 2728
25 62 52 58 #SUP: 2728
25 62 58 #SUP: 2738
25 7 #SUP: 2743
25 7 40 #SUP: 2717
25 7 29 #SUP: 2737
25 7 29 52 #SUP: 2727
25 7 29 58 #SUP: 2736
25 7 29 52 58 #SUP: 2726
25 7 52 #SUP: 2733
25 7 52 58 #SUP: 2732
25 7 58 #SUP: 2742
25 36 #SUP: 2794
25 36 60 #SUP: 2766
25 36 60 40 #SUP: 2741
25 36 60 40 29 #SUP: 2729
25 36 60 40 29 52 #SUP: 2719
25 36 60 40 29 58 #SUP: 2728
25 36 60 40 29 52 58 #SUP: 2718
25 36 60 40 52 #SUP: 2731
25 36 60 40 52 58 #SUP: 2730
25 36 60 40 58 #SUP: 2740
25 36 60 29 #SUP: 2754
25 36 60 29 52 #SUP: 2744
25 36 60 29 58 #SUP: 2753
25 36 60 29 52 58 #SUP: 2743
25 36 60 52 #SUP: 2756
25 36 60 52 58 #SUP: 2755
25 36 60 58 #SUP: 2765
25 36 40 #SUP: 2768
25 36 40 29 #SUP: 2756
25 36 40 29 52 #SUP: 2746
25 36 40 29 58 #SUP: 2755
25 36 40 29 52 58 #SUP: 2745
25 36 40 52 #SUP: 2758
25 36 40 52 58 #SUP: 2757
25 36 40 58 #SUP: 2767
25 36 29 #SUP: 2782
25 36 29 52 #SUP: 2772
25 36 29 58 #SUP: 2781
25 36 29 52 58 #SUP: 2771
25 36 52 #SUP: 2784
25 36 52 58 #SUP: 2783
25 36 58 #SUP: 2793
25 60 #SUP: 2832
25 60 40 #SUP: 2807
25 60 40 29 #SUP: 2795
25 60 40 29 52 #SUP: 2785
25 60 40 29 58 #SUP: 2794
25 60 40 29 52 58 #SUP: 2784
25 60 40 52 #SUP: 2797
25 60 40 52 58 #SUP: 2796
25 60 40 58 #SUP: 2806
25 60 29 #SUP: 2820
25 60 29 52 #SUP: 2810
25 60 29 58 #SUP: 2819
25 60 29 52 58 #SUP: 2809
25 60 52 #SUP: 2822
25 60 52 58 #SUP: 2821
25 60 58 #SUP: 2831
25 40 #SUP: 2834
25 40 29 #SUP: 2822
25 40 29 52 #SUP: 2812
25 40 29 58 #SUP: 2821
25 40 29 52 58 #SUP: 2811
25 40 52 #SUP: 2824
25 40 52 58 #SUP: 2823
25 40 58 #SUP: 2833
25 29 #SUP: 2848
25 29 52 #SUP: 2838
25 29 58 #SUP: 2847
25 29 52 58 #SUP: 2837
25 52 #SUP: 2850
25 52 58 #SUP: 2849
25 58 #SUP: 2859
9 56 #SUP: 2752
9 56 40 #SUP: 2730
9 56 40 29 #SUP: 2722
9 56 40 29 52 #SUP: 2717
9 56 40 29 58 #SUP: 2721
9 56 40 52 #SUP: 2725
9 56 40 52 58 #SUP: 2724
9 56 40 58 #SUP: 2729
9 56 29 #SUP: 2744
9 56 29 52 #SUP: 2739
9 56 29 58 #SUP: 2743
9 56 29 52 58 #SUP: 2738
9 56 52 #SUP: 2747
9 56 52 58 #SUP: 2746
9 56 58 #SUP: 2751
9 34 #SUP: 2753
9 34 40 #SUP: 2733
9 34 40 29 #SUP: 2731
9 34 40 29 52 #SUP: 2723
9 34 40 29 58 #SUP: 2730
9 34 40 29 52 58 #SUP: 2722
9 34 40 52 #SUP: 2725
9 34 40 52 58 #SUP: 2724
9 34 40 58 #SUP: 2732
9 34 29 #SUP: 2751
9 34 29 52 #SUP: 2743
9 34 29 58 #SUP: 2750
9 34 29 52 58 #SUP: 2742
9 34 52 #SUP: 2745
9 34 52 58 #SUP: 2744
9 34 58 #SUP: 2752
9 62 #SUP: 2750
9 62 40 #SUP: 2738
9 62 40 29 #SUP: 2730
9 62 40 29 52 #SUP: 2722
9 62 40 29 58 #SUP: 2730
9 62 40 29 52 58 #SUP: 2722
9 62 40 52 #SUP: 2730
9 62 40 52 58 #SUP: 2730
9 62 40 58 #SUP: 2738
9 62 29 #SUP: 2742
9 62 29 52 #SUP: 2734
9 62 29 58 #SUP: 2742
9 62 29 52 58 #SUP: 2734
9 62 52 #SUP: 2742
9 62 52 58 #SUP: 2742
9 62 58 #SUP: 2750
9 7 #SUP: 2755
9 7 60 #SUP: 2718
9 7 60 29 #SUP: 2718
9 7 60 58 #SUP: 2717
9 7 60 29 58 #SUP: 2717
9 7 40 #SUP: 2733
9 7 40 29 #SUP: 2733
9 7 40 29 52 #SUP: 2725
9 7 40 29 58 #SUP: 2732
9 7 40 29 52 58 #SUP: 2724
9 7 40 52 #SUP: 2725
9 7 40 52 58 #SUP: 2724
9 7 40 58 #SUP: 2732
9 7 29 #SUP: 2755
9 7 29 52 #SUP: 2747
9 7 29 58 #SUP: 2754
9 7 29 52 58 #SUP: 2746
9 7 52 #SUP: 2747
9 7 52 58 #SUP: 2746
9 7 58 #SUP: 2754
9 36 #SUP: 2777
9 36 60 #SUP: 2738
9 36 60 29 #SUP: 2732
9 36 60 29 52 #SUP: 2724
9 36 60 29 58 #SUP: 2731
9 36 60 29 52 58 #SUP: 2723
9 36 60 52 #SUP: 2730
9 36 60 52 58 #SUP: 2729
9 36 60 58 #SUP: 2737
9 36 40 #SUP: 2755
9 36 40 29 #SUP: 2747
9 36 40 29 52 #SUP: 2739
9 36 40 29 58 #SUP: 2746
9 36 40 29 52 58 #SUP: 2738
9 36 40 52 #SUP: 2747
9 36 40 52 58 #SUP: 2746
9 36 40 58 #SUP: 2754
9 36 29 #SUP: 2769
9 36 29 52 #SUP: 2761
9 36 29 58 #SUP: 2768
9 36 29 52 58 #SUP: 2760
9 36 52 #SUP: 2769
9 36 52 58 #SUP: 2768
9 36 58 #SUP: 2776
9 60 #SUP: 2835
9 60 40 #SUP: 2813
9 60 40 29 #SUP: 2807
9 60 40 29 52 #SUP: 2799
9 60 40 29 58 #SUP: 2806
9 60 40 29 52 58 #SUP: 2798
9 60 40 52 #SUP: 2805
9 60 40 52 58 #SUP: 2804
9 60 40 58 #SUP: 2812
9 60 29 #SUP: 2829
9 60 29 52 #SUP: 2821
9 60 29 58 #SUP: 2828
9 60 29 52 58 #SUP: 2820
9 60 52 #SUP: 2827
9 60 52 58 #SUP: 2826
9 60 58 #SUP: 2834
9 40 #SUP: 2852
9 40 29 #SUP: 2844
9 40 29 52 #SUP: 2836
9 40 29 58 #SUP: 2843
9 40 29 52 58 #SUP: 2835
9 40 52 #SUP: 2844
9 40 52 58 #SUP: 2843
9 40 58 #SUP: 2851
9 29 #SUP: 2866
9 29 52 #SUP: 2858
9 29 58 #SUP: 2865
9 29 52 58 #SUP: 2857
9 52 #SUP: 2866
9 52 58 #SUP: 2865
9 58 #SUP: 2873
5 48 #SUP: 2788
5 48 36 #SUP: 2762
5 48 36 60 #SUP: 2735
5 48 36 60 29 #SUP: 2730
5 48 36 60 29 52 #SUP: 2719
5 48 36 60 29 58 #SUP: 2729
5 48 36 60 29 52 58 #SUP: 2718
5 48 36 60 52 #SUP: 2724
5 48 36 60 52 58 #SUP: 2723
5 48 36 60 58 #SUP: 2734
5 48 36 40 #SUP: 2741
5 48 36 40 29 #SUP: 2734
5 48 36 40 29 52 #SUP: 2723
5 48 36 40 29 58 #SUP: 2733
5 48 36 40 29 52 58 #SUP: 2722
5 48 36 40 52 #SUP: 2730
5 48 36 40 52 58 #SUP: 2729
5 48 36 40 58 #SUP: 2740
5 48 36 29 #SUP: 2755
5 48 36 29 52 #SUP: 2744
5 48 36 29 58 #SUP: 2754
5 48 36 29 52 58 #SUP: 2743
5 48 36 52 #SUP: 2751
5 48 36 52 58 #SUP: 2750
5 48 36 58 #SUP: 2761
5 48 60 #SUP: 2761
5 48 60 40 #SUP: 2741
5 48 60 40 29 #SUP: 2736
5 48 60 40 29 52 #SUP: 2725
5 48 60 40 29 58 #SUP: 2735
5 48 60 40 29 52 58 #SUP: 2724
5 48 60 40 52 #SUP: 2730
5 48 60 40 52 58 #SUP: 2729
5 48 60 40 58 #SUP: 2740
5 48 60 29 #SUP: 2756
5 48 60 29 52 #SUP: 2745
5 48 60 29 58 #SUP: 2755
5 48 60 29 52 58 #SUP: 2744
5 48 60 52 #SUP: 2750
5 48 60 52 58 #SUP: 2749
5 48 60 58 #SUP: 2760
5 48 40 #SUP: 2767
5 48 40 29 #SUP: 2760
5 48 40 29 52 #SUP: 2749
5 48 40 29 58 #SUP: 2759
5 48 40 29 52 58 #SUP: 2748
5 48 40 52 #SUP: 2756
5 48 40 52 58 #SUP: 2755
5 48 40 58 #SUP: 2766
5 48 29 #SUP: 2781
5 48 29 52 #SUP: 2770
5 48 29 58 #SUP: 2780
5 48 29 52 58 #SUP: 2769
5 48 52 #SUP: 2777
5 48 52 58 #SUP: 2776
5 48 58 #SUP: 2787
5 56 #SUP: 2803
5 56 34 #SUP: 2736
5 56 34 40 #SUP: 2717
5 56 34 29 #SUP: 2732
5 56 34 29 52 #SUP: 2727
5 56 34 29 58 #SUP: 2731
5 56 34 29 52 58 #SUP: 2726
5 56 34 52 #SUP: 2731
5 56 34 52 58 #SUP: 2730
5 56 34 58 #SUP: 2735
5 56 62 #SUP: 2722
5 56 62 52 #SUP: 2717
5 56 62 58 #SUP: 2722
5 56 62 52 58 #SUP: 2717
5 56 60 #SUP: 2756
5 56 60 40 #SUP: 2737
5 56 60 40 29 #SUP: 2732
5 56 60 40 29 52 #SUP: 2727
5 56 60 40 29 58 #SUP: 2731
5 56 60 40 29 52 58 #SUP: 2726
5 56 60 40 52 #SUP: 2732
5 56 60 40 52 58 #SUP: 2731
5 56 60 40 58 #SUP: 2736
5 56 60 29 #SUP: 2751
5 56 60 29 52 #SUP: 2746
5 56 60 29 58 #SUP: 2750
5 56 60 29 52 58 #SUP: 2745
5 56 60 52 #SUP: 2751
5 56 60 52 58 #SUP: 2750
5 56 60 58 #SUP: 2755
5 56 40 #SUP: 2783
5 56 40 29 #SUP: 2776
5 56 40 29 52 #SUP: 2771
5 56 40 29 58 #SUP: 2775
5 56 40 29 52 58 #SUP: 2770
5 56 40 52 #SUP: 2778
5 56 40 52 58 #SUP: 2777
5 56 40 58 #SUP: 2782
5 56 29 #SUP: 2796
5 56 29 52 #SUP: 2791
5 56 29 58 #SUP: 2795
5 56 29 52 58 #SUP: 2790
5 56 52 #SUP: 2798
5 56 52 58 #SUP: 2797
5 56 58 #SUP: 2802
5 66 #SUP: 2832
5 66 34 #SUP: 2753
5 66 34 60 #SUP: 2753
5 66 34 60 40 #SUP: 2735
5 66 34 60 40 29 #SUP: 2731
5 66 34 60 40 29 52 #SUP: 2722
5 66 34 60 40 29 58 #SUP: 2730
5 66 34 60 40 29 52 58 #SUP: 2721
5 66 34 60 40 52 #SUP: 2726
5 66 34 60 40 52 58 #SUP: 2725
5 66 34 60 40 58 #SUP: 2734
5 66 34 60 29 #SUP: 2749
5 66 34 60 29 52 #SUP: 2740
5 66 34 60 29 58 #SUP: 2748
5 66 34 60 29 52 58 #SUP: 2739
5 66 34 60 52 #SUP: 2744
5 66 34 60 52 58 #SUP: 2743
5 66 34 60 58 #SUP: 2752
5 66 34 40 #SUP: 2735
5 66 34 40 29 #SUP: 2731
5 66 34 40 29 52 #SUP: 2722
5 66 34 40 29 58 #SUP: 2730
5 66 34 40 29 52 58 #SUP: 2721
5 66 34 40 52 #SUP: 2726
5 66 34 40 52 58 #SUP: 2725
5 66 34 40 58 #SUP: 2734
5 66 34 29 #SUP: 2749
5 66 34 29 52 #SUP: 2740
5 66 34 29 58 #SUP: 2748
5 66 34 29 52 58 #SUP: 2739
5 66 34 52 #SUP: 2744
5 66 34 52 58 #SUP: 2743
5 66 34 58 #SUP: 2752
5 66 62 #SUP: 2725
5 66 62 60 #SUP: 2725
5 66 62 60 29 #SUP: 2721
5 66 62 60 58 #SUP: 2725
5 66 62 60 29 58 #SUP: 2721
5 66 62 29 #SUP: 2721
5 66 62 29 58 #SUP: 2721
5 66 62 58 #SUP: 2725
5 66 7 #SUP: 2723
5 66 7 60 #SUP: 2723
5 66 7 60 29 #SUP: 2721
5 66 7 60 58 #SUP: 2722
5 66 7 60 29 58 #SUP: 2720
5 66 7 29 #SUP: 2721
5 66 7 29 58 #SUP: 2720
5 66 7 58 #SUP: 2722
5 66 36 #SUP: 2735
5 66 36 60 #SUP: 2735
5 66 36 60 29 #SUP: 2731
5 66 36 60 29 52 #SUP: 2720
5 66 36 60 29 58 #SUP: 2730
5 66 36 60 29 52 58 #SUP: 2719
5 66 36 60 52 #SUP: 2724
5 66 36 60 52 58 #SUP: 2723
5 66 36 60 58 #SUP: 2734
5 66 36 29 #SUP: 2731
5 66 36 29 52 #SUP: 2720
5 66 36 29 58 #SUP: 2730
5 66 36 29 52 58 #SUP: 2719
5 66 36 52 #SUP: 2724
5 66 36 52 58 #SUP: 2723
5 66 36 58 #SUP: 2734
5 66 60 #SUP: 2832
5 66 60 40 #SUP: 2812
5 66 60 40 29 #SUP: 2808
5 66 60 40 29 52 #SUP: 2797
5 66 60 40 29 58 #SUP: 2807
5 66 60 40 29 52 58 #SUP: 2796
5 66 60 40 52 #SUP: 2801
5 66 60 40 52 58 #SUP: 2800
5 66 60 40 58 #SUP: 2811
5 66 60 29 #SUP: 2828
5 66 60 29 52 #SUP: 2817
5 66 60 29 58 #SUP: 2827
5 66 60 29 52 58 #SUP: 2816
5 66 60 52 #SUP: 2821
5 66 60 52 58 #SUP: 2820
5 66 60 58 #SUP: 2831
5 66 40 #SUP: 2812
5 66 40 29 #SUP: 2808
5 66 40 29 52 #SUP: 2797
5 66 40 29 58 #SUP: 2807
5 66 40 29 52 58 #SUP: 2796
5 66 40 52 #SUP: 2801
5 66 40 52 58 #SUP: 2800
5 66 40 58 #SUP: 2811
5 66 29 #SUP: 2828
5 66 29 52 #SUP: 2817
5 66 29 58 #SUP: 2827
5 66 29 52 58 #SUP: 2816
5 66 52 #SUP: 2821
5 66 52 58 #SUP: 2820
5 66 58 #SUP: 2831
5 34 #SUP: 2889
5 34 62 #SUP: 2778
5 34 62 60 #SUP: 2734
5 34 62 60 40 #SUP: 2723
5 34 62 60 40 29 #SUP: 2719
5 34 62 60 40 58 #SUP: 2723
5 34 62 60 40 29 58 #SUP: 2719
5 34 62 60 29 #SUP: 2730
5 34 62 60 29 52 #SUP: 2721
5 34 62 60 29 58 #SUP: 2730
5 34 62 60 29 52 58 #SUP: 2721
5 34 62 60 52 #SUP: 2725
5 34 62 60 52 58 #SUP: 2725
5 34 62 60 58 #SUP: 2734
5 34 62 40 #SUP: 2767
5 34 62 40 29 #SUP: 2763
5 34 62 40 29 52 #SUP: 2754
5 34 62 40 29 58 #SUP: 2763
5 34 62 40 29 52 58 #SUP: 2754
5 34 62 40 52 #SUP: 2758
5 34 62 40 52 58 #SUP: 2758
5 34 62 40 58 #SUP: 2767
5 34 62 29 #SUP: 2774
5 34 62 29 52 #SUP: 2765
5 34 62 29 58 #SUP: 2774
5 34 62 29 52 58 #SUP: 2765
5 34 62 52 #SUP: 2769
5 34 62 52 58 #SUP: 2769
5 34 62 58 #SUP: 2778
5 34 7 #SUP: 2783
5 34 7 60 #SUP: 2738
5 34 7 60 40 #SUP: 2720
5 34 7 60 40 29 #SUP: 2718
5 34 7 60 40 58 #SUP: 2719
5 34 7 60 40 29 58 #SUP: 2717
5 34 7 60 29 #SUP: 2736
5 34 7 60 29 52 #SUP: 2727
5 34 7 60 29 58 #SUP: 2735
5 34 7 60 29 52 58 #SUP: 2726
5 34 7 60 52 #SUP: 2729
5 34 7 60 52 58 #SUP: 2728
5 34 7 60 58 #SUP: 2737
5 34 7 40 #SUP: 2764
5 34 7 40 29 #SUP: 2762
5 34 7 40 29 52 #SUP: 2753
5 34 7 40 29 58 #SUP: 2761
5 34 7 40 29 52 58 #SUP: 2752
5 34 7 40 52 #SUP: 2755
5 34 7 40 52 58 #SUP: 2754
5 34 7 40 58 #SUP: 2763
5 34 7 29 #SUP: 2781
5 34 7 29 52 #SUP: 2772
5 34 7 29 58 #SUP: 2780
5 34 7 29 52 58 #SUP: 2771
5 34 7 52 #SUP: 2774
5 34 7 52 58 #SUP: 2773
5 34 7 58 #SUP: 2782
5 34 36 #SUP: 2792
5 34 36 60 #SUP: 2747
5 34 36 60 40 #SUP: 2729
5 34 36 60 40 29 #SUP: 2725
5 34 36 60 40 29 58 #SUP: 2724
5 34 36 60 40 52 #SUP: 2720
5 34 36 60 40 52 58 #SUP: 2719
5 34 36 60 40 58 #SUP: 2728
5 34 36 60 29 #SUP: 2743
5 34 36 60 29 52 #SUP: 2734
5 34 36 60 29 58 #SUP: 2742
5 34 36 60 29 52 58 #SUP: 2733
5 34 36 60 52 #SUP: 2738
5 34 36 60 52 58 #SUP: 2737
5 34 36 60 58 #SUP: 2746
5 34 36 40 #SUP: 2773
5 34 36 40 29 #SUP: 2769
5 34 36 40 29 52 #SUP: 2760
5 34 36 40 29 58 #SUP: 2768
5 34 36 40 29 52 58 #SUP: 2759
5 34 36 40 52 #SUP: 2764
5 34 36 40 52 58 #SUP: 2763
5 34 36 40 58 #SUP: 2772
5 34 36 29 #SUP: 2788
5 34 36 29 52 #SUP: 2779
5 34 36 29 58 #SUP: 2787
5 34 36 29 52 58 #SUP: 2778
5 34 36 52 #SUP: 2783
5 34 36 52 58 #SUP: 2782
5 34 36 58 #SUP: 2791
5 34 60 #SUP: 2844
5 34 60 40 #SUP: 2826
5 34 60 40 29 #SUP: 2822
5 34 60 40 29 52 #SUP: 2813
5 34 60 40 29 58 #SUP: 2821
5 34 60 40 29 52 58 #SUP: 2812
5 34 60 40 52 #SUP: 2817
5 34 60 40 52 58 #SUP: 2816
5 34 60 40 58 #SUP: 2825
5 34 60 29 #SUP: 2840
5 34 60 29 52 #SUP: 2831
5 34 60 29 58 #SUP: 2839
5 34 60 29 52 58 #SUP: 2830
5 34 60 52 #SUP: 2835
5 34 60 52 58 #SUP: 2834
5 34 60 58 #SUP: 2843
5 34 40 #SUP: 2870
5 34 40 29 #SUP: 2866
5 34 40 29 52 #SUP: 2857
5 34 40 29 58 #SUP: 2865
5 34 40 29 52 58 #SUP: 2856
5 34 40 52 #SUP: 2861
5 34 40 52 58 #SUP: 2860
5 34 40 58 #SUP: 2869
5 34 29 #SUP: 2885
5 34 29 52 #SUP: 2876
5 34 29 58 #SUP: 2884
5 34 29 52 58 #SUP: 2875
5 34 52 #SUP: 2880
5 34 52 58 #SUP: 2879
5 34 58 #SUP: 2888
5 62 #SUP: 2859
5 62 7 #SUP: 2747
5 62 7 40 #SUP: 2734
5 62 7 40 29 #SUP: 2731
5 62 7 40 29 52 #SUP: 2720
5 62 7 40 29 58 #SUP: 2731
5 62 7 40 29 52 58 #SUP: 2720
5 62 7 40 52 #SUP: 2723
5 62 7 40 52 58 #SUP: 2723
5 62 7 40 58 #SUP: 2734
5 62 7 29 #SUP: 2744
5 62 7 29 52 #SUP: 2733
5 62 7 29 58 #SUP: 2744
5 62 7 29 52 58 #SUP: 2733
5 62 7 52 #SUP: 2736
5 62 7 52 58 #SUP: 2736
5 62 7 58 #SUP: 2747
5 62 36 #SUP: 2762
5 62 36 40 #SUP: 2749
5 62 36 40 29 #SUP: 2742
5 62 36 40 29 52 #SUP: 2731
5 62 36 40 29 58 #SUP: 2742
5 62 36 40 29 52 58 #SUP: 2731
5 62 36 40 52 #SUP: 2738
5 62 36 40 52 58 #SUP: 2738
5 62 36 40 58 #SUP: 2749
5 62 36 29 #SUP: 2755
5 62 36 29 52 #SUP: 2744
5 62 36 29 58 #SUP: 2755
5 62 36 29 52 58 #SUP: 2744
5 62 36 52 #SUP: 2751
5 62 36 52 58 #SUP: 2751
5 62 36 58 #SUP: 2762
5 62 60 #SUP: 2813
5 62 60 40 #SUP: 2800
5 62 60 40 29 #SUP: 2795
5 62 60 40 29 52 #SUP: 2784
5 62 60 40 29 58 #SUP: 2795
5 62 60 40 29 52 58 #SUP: 2784
5 62 60 40 52 #SUP: 2789
5 62 60 40 52 58 #SUP: 2789
5 62 60 40 58 #SUP: 2800
5 62 60 29 #SUP: 2808
5 62 60 29 52 #SUP: 2797
5 62 60 29 58 #SUP: 2808
5 62 60 29 52 58 #SUP: 2797
5 62 60 52 #SUP: 2802
5 62 60 52 58 #SUP: 2802
5 62 60 58 #SUP: 2813
5 62 40 #SUP: 2846
5 62 40 29 #SUP: 2839
5 62 40 29 52 #SUP: 2828
5 62 40 29 58 #SUP: 2839
5 62 40 29 52 58 #SUP: 2828
5 62 40 52 #SUP: 2835
5 62 40 52 58 #SUP: 2835
5 62 40 58 #SUP: 2846
5 62 29 #SUP: 2852
5 62 29 52 #SUP: 2841
5 62 29 58 #SUP: 2852
5 62 29 52 58 #SUP: 2841
5 62 52 #SUP: 2848
5 62 52 58 #SUP: 2848
5 62 58 #SUP: 2859
5 7 #SUP: 2859
5 7 36 #SUP: 2762
5 7 36 60 #SUP: 2717
5 7 36 40 #SUP: 2741
5 7 36 40 29 #SUP: 2738
5 7 36 40 29 52 #SUP: 2727
5 7 36 40 29 58 #SUP: 2737
5 7 36 40 29 52 58 #SUP: 2726
5 7 36 40 52 #SUP: 2730
5 7 36 40 52 58 #SUP: 2729
5 7 36 40 58 #SUP: 2740
5 7 36 29 #SUP: 2759
5 7 36 29 52 #SUP: 2748
5 7 36 29 58 #SUP: 2758
5 7 36 29 52 58 #SUP: 2747
5 7 36 52 #SUP: 2751
5 7 36 52 58 #SUP: 2750
5 7 36 58 #SUP: 2761
5 7 60 #SUP: 2814
5 7 60 40 #SUP: 2794
5 7 60 40 29 #SUP: 2791
5 7 60 40 29 52 #SUP: 2780
5 7 60 40 29 58 #SUP: 2790
5 7 60 40 29 52 58 #SUP: 2779
5 7 60 40 52 #SUP: 2783
5 7 60 40 52 58 #SUP: 2782
5 7 60 40 58 #SUP: 2793
5 7 60 29 #SUP: 2811
5 7 60 29 52 #SUP: 2800
5 7 60 29 58 #SUP: 2810
5 7 60 29 52 58 #SUP: 2799
5 7 60 52 #SUP: 2803
5 7 60 52 58 #SUP: 2802
5 7 60 58 #SUP: 2813
5 7 40 #SUP: 2838
5 7 40 29 #SUP: 2835
5 7 40 29 52 #SUP: 2824
5 7 40 29 58 #SUP: 2834
5 7 40 29 52 58 #SUP: 2823
5 7 40 52 #SUP: 2827
5 7 40 52 58 #SUP: 2826
5 7 40 58 #SUP: 2837
5 7 29 #SUP: 2856
5 7 29 52 #SUP: 2845
5 7 29 58 #SUP: 2855
5 7 29 52 58 #SUP: 2844
5 7 52 #SUP: 2848
5 7 52 58 #SUP: 2847
5 7 58 #SUP: 2858
5 36 #SUP: 2874
5 36 60 #SUP: 2827
5 36 60 40 #SUP: 2807
5 36 60 40 29 #SUP: 2802
5 36 60 40 29 52 #SUP: 2791
5 36 60 40 29 58 #SUP: 2801
5 36 60 40 29 52 58 #SUP: 2790
5 36 60 40 52 #SUP: 2796
5 36 60 40 52 58 #SUP: 2795
5 36 60 40 58 #SUP: 2806
5 36 60 29 #SUP: 2822
5 36 60 29 52 #SUP: 2811
5 36 60 29 58 #SUP: 2821
5 36 60 29 52 58 #SUP: 2810
5 36 60 52 #SUP: 2816
5 36 60 52 58 #SUP: 2815
5 36 60 58 #SUP: 2826
5 36 40 #SUP: 2853
5 36 40 29 #SUP: 2846
5 36 40 29 52 #SUP: 2835
5 36 40 29 58 #SUP: 2845
5 36 40 29 52 58 #SUP: 2834
5 36 40 52 #SUP: 2842
5 36 40 52 58 #SUP: 2841
5 36 40 58 #SUP: 2852
5 36 29 #SUP: 2867
5 36 29 52 #SUP: 2856
5 36 29 58 #SUP: 2866
5 36 29 52 58 #SUP: 2855
5 36 52 #SUP: 2863
5 36 52 58 #SUP: 2862
5 36 58 #SUP: 2873
5 60 #SUP: 2924
5 60 40 #SUP: 2904
5 60 40 29 #SUP: 2899
5 60 40 29 52 #SUP: 2888
5 60 40 29 58 #SUP: 2898
5 60 40 29 52 58 #SUP: 2887
5 60 40 52 #SUP: 2893
5 60 40 52 58 #SUP: 2892
5 60 40 58 #SUP: 2903
5 60 29 #SUP: 2919
5 60 29 52 #SUP: 2908
5 60 29 58 #SUP: 2918
5 60 29 52 58 #SUP: 2907
5 60 52 #SUP: 2913
5 60 52 58 #SUP: 2912
5 60 58 #SUP: 2923
5 40 #SUP: 2950
5 40 29 #SUP: 2943
5 40 29 52 #SUP: 2932
5 40 29 58 #SUP: 2942
5 40 29 52 58 #SUP: 2931
5 40 52 #SUP: 2939
5 40 52 58 #SUP: 2938
5 40 58 #SUP: 2949
5 29 #SUP: 2964
5 29 52 #SUP: 2953
5 29 58 #SUP: 2963
5 29 52 58 #SUP: 2952
5 52 #SUP: 2960
5 52 58 #SUP: 2959
5 58 #SUP: 2970
48 56 #SUP: 2838
48 56 62 #SUP: 2740
48 56 62 40 #SUP: 2726
48 56 62 40 52 #SUP: 2721
48 56 62 40 58 #SUP: 2726
48 56 62 40 52 58 #SUP: 2721
48 56 62 29 #SUP: 2725
48 56 62 29 52 #SUP: 2720
48 56 62 29 58 #SUP: 2725
48 56 62 29 52 58 #SUP: 2720
48 56 62 52 #SUP: 2735
48 56 62 52 58 #SUP: 2735
48 56 62 58 #SUP: 2740
48 56 7 #SUP: 2736
48 56 7 29 #SUP: 2729
48 56 7 29 52 #SUP: 2724
48 56 7 29 58 #SUP: 2728
48 56 7 29 52 58 #SUP: 2723
48 56 7 52 #SUP: 2731
48 56 7 52 58 #SUP: 2730
48 56 7 58 #SUP: 2735
48 56 36 #SUP: 2812
48 56 36 60 #SUP: 2785
48 56 36 60 40 #SUP: 2761
48 56 36 60 40 29 #SUP: 2748
48 56 36 60 40 29 52 #SUP: 2743
48 56 36 60 40 29 58 #SUP: 2747
48 56 36 60 40 29 52 58 #SUP: 2742
48 56 36 60 40 52 #SUP: 2756
48 56 36 60 40 52 58 #SUP: 2755
48 56 36 60 40 58 #SUP: 2760
48 56 36 60 29 #SUP: 2772
48 56 36 60 29 52 #SUP: 2767
48 56 36 60 29 58 #SUP: 2771
48 56 36 60 29 52 58 #SUP: 2766
48 56 36 60 52 #SUP: 2780
48 56 36 60 52 58 #SUP: 2779
48 56 36 60 58 #SUP: 2784
48 56 36 40 #SUP: 2787
48 56 36 40 29 #SUP: 2772
48 56 36 40 29 52 #SUP: 2767
48 56 36 40 29 58 #SUP: 2771
48 56 36 40 29 52 58 #SUP: 2766
48 56 36 40 52 #SUP: 2782
48 56 36 40 52 58 #SUP: 2781
48 56 36 40 58 #SUP: 2786
48 56 36 29 #SUP: 2797
48 56 36 29 52 #SUP: 2792
48 56 36 29 58 #SUP: 2796
48 56 36 29 52 58 #SUP: 2791
48 56 36 52 #SUP: 2807
48 56 36 52 58 #SUP: 2806
48 56 36 58 #SUP: 2811
48 56 60 #SUP: 2811
48 56 60 40 #SUP: 2787
48 56 60 40 29 #SUP: 2774
48 56 60 40 29 52 #SUP: 2769
48 56 60 40 29 58 #SUP: 2773
48 56 60 40 29 52 58 #SUP: 2768
48 56 60 40 52 #SUP: 2782
48 56 60 40 52 58 #SUP: 2781
48 56 60 40 58 #SUP: 2786
48 56 60 29 #SUP: 2798
48 56 60 29 52 #SUP: 2793
48 56 60 29 58 #SUP: 2797
48 56 60 29 52 58 #SUP: 2792
48 56 60 52 #SUP: 2806
48 56 60 52 58 #SUP: 2805
48 56 60 58 #SUP: 2810
48 56 40 #SUP: 2813
48 56 40 29 #SUP: 2798
48 56 40 29 52 #SUP: 2793
48 56 40 29 58 #SUP: 2797
48 56 40 29 52 58 #SUP: 2792
48 56 40 52 #SUP: 2808
48 56 40 52 58 #SUP: 2807
48 56 40 58 #SUP: 2812
48 56 29 #SUP: 2823
48 56 29 52 #SUP: 2818
48 56 29 58 #SUP: 2822
48 56 29 52 58 #SUP: 2817
48 56 52 #SUP: 2833
48 56 52 58 #SUP: 2832
48 56 58 #SUP: 2837
48 66 #SUP: 2873
48 66 34 #SUP: 2738
48 66 34 60 #SUP: 2738
48 66 34 60 40 #SUP: 2717
48 66 34 60 29 #SUP: 2734
48 66 34 60 29 52 #SUP: 2725
48 66 34 60 29 58 #SUP: 2733
48 66 34 60 29 52 58 #SUP: 2724
48 66 34 60 52 #SUP: 2729
48 66 34 60 52 58 #SUP: 2728
48 66 34 60 58 #SUP: 2737
48 66 34 40 #SUP: 2717
48 66 34 29 #SUP: 2734
48 66 34 29 52 #SUP: 2725
48 66 34 29 58 #SUP: 2733
48 66 34 29 52 58 #SUP: 2724
48 66 34 52 #SUP: 2729
48 66 34 52 58 #SUP: 2728
48 66 34 58 #SUP: 2737
48 66 62 #SUP: 2744
48 66 62 36 #SUP: 2718
48 66 62 36 60 #SUP: 2718
48 66 62 36 58 #SUP: 2718
48 66 62 36 60 58 #SUP: 2718
48 66 62 60 #SUP: 2744
48 66 62 60 40 #SUP: 2729
48 66 62 60 40 29 #SUP: 2721
48 66 62 60 40 29 58 #SUP: 2721
48 66 62 60 40 52 #SUP: 2718
48 66 62 60 40 52 58 #SUP: 2718
48 66 62 60 40 58 #SUP: 2729
48 66 62 60 29 #SUP: 2736
48 66 62 60 29 52 #SUP: 2725
48 66 62 60 29 58 #SUP: 2736
48 66 62 60 29 52 58 #SUP: 2725
48 66 62 60 52 #SUP: 2733
48 66 62 60 52 58 #SUP: 2733
48 66 62 60 58 #SUP: 2744
48 66 62 40 #SUP: 2729
48 66 62 40 29 #SUP: 2721
48 66 62 40 29 58 #SUP: 2721
48 66 62 40 52 #SUP: 2718
48 66 62 40 52 58 #SUP: 2718
48 66 62 40 58 #SUP: 2729
48 66 62 29 #SUP: 2736
48 66 62 29 52 #SUP: 2725
48 66 62 29 58 #SUP: 2736
48 66 62 29 52 58 #SUP: 2725
48 66 62 52 #SUP: 2733
48 66 62 52 58 #SUP: 2733
48 66 62 58 #SUP: 2744
48 66 7 #SUP: 2758
48 66 7 36 #SUP: 2732
48 66 7 36 60 #SUP: 2732
48 66 7 36 60 29 #SUP: 2728
48 66 7 36 60 29 52 #SUP: 2717
48 66 7 36 60 29 58 #SUP: 2727
48 66 7 36 60 52 #SUP: 2721
48 66 7 36 60 52 58 #SUP: 2720
48 66 7 36 60 58 #SUP: 2731
48 66 7 36 29 #SUP: 2728
48 66 7 36 29 52 #SUP: 2717
48 66 7 36 29 58 #SUP: 2727
48 66 7 36 52 #SUP: 2721
48 66 7 36 52 58 #SUP: 2720
48 66 7 36 58 #SUP: 2731
48 66 7 60 #SUP: 2758
48 66 7 60 40 #SUP: 2734
48 66 7 60 40 29 #SUP: 2730
48 66 7 60 40 29 52 #SUP: 2719
48 66 7 60 40 29 58 #SUP: 2729
48 66 7 60 40 29 52 58 #SUP: 2718
48 66 7 60 40 52 #SUP: 2723
48 66 7 60 40 52 58 #SUP: 2722
48 66 7 60 40 58 #SUP: 2733
48 66 7 60 29 #SUP: 2754
48 66 7 60 29 52 #SUP: 2743
48 66 7 60 29 58 #SUP: 2753
48 66 7 60 29 52 58 #SUP: 2742
48 66 7 60 52 #SUP: 2747
48 66 7 60 52 58 #SUP: 2746
48 66 7 60 58 #SUP: 2757
48 66 7 40 #SUP: 2734
48 66 7 40 29 #SUP: 2730
48 66 7 40 29 52 #SUP: 2719
48 66 7 40 29 58 #SUP: 2729
48 66 7 40 29 52 58 #SUP: 2718
48 66 7 40 52 #SUP: 2723
48 66 7 40 52 58 #SUP: 2722
48 66 7 40 58 #SUP: 2733
48 66 7 29 #SUP: 2754
48 66 7 29 52 #SUP: 2743
48 66 7 29 58 #SUP: 2753
48 66 7 29 52 58 #SUP: 2742
48 66 7 52 #SUP: 2747
48 66 7 52 58 #SUP: 2746
48 66 7 58 #SUP: 2757
48 66 36 #SUP: 2847
48 66 36 60 #SUP: 2847
48 66 36 60 40 #SUP: 2823
48 66 36 60 40 29 #SUP: 2815
48 66 36 60 40 29 52 #SUP: 2804
48 66 36 60 40 29 58 #SUP: 2814
48 66 36 60 40 29 52 58 #SUP: 2803
48 66 36 60 40 52 #SUP: 2812
48 66 36 60 40 52 58 #SUP: 2811
48 66 36 60 40 58 #SUP: 2822
48 66 36 60 29 #SUP: 2839
48 66 36 60 29 52 #SUP: 2828
48 66 36 60 29 58 #SUP: 2838
48 66 36 60 29 52 58 #SUP: 2827
48 66 36 60 52 #SUP: 2836
48 66 36 60 52 58 #SUP: 2835
48 66 36 60 58 #SUP: 2846
48 66 36 40 #SUP: 2823
48 66 36 40 29 #SUP: 2815
48 66 36 40 29 52 #SUP: 2804
48 66 36 40 29 58 #SUP: 2814
48 66 36 40 29 52 58 #SUP: 2803
48 66 36 40 52 #SUP: 2812
48 66 36 40 52 58 #SUP: 2811
48 66 36 40 58 #SUP: 2822
48 66 36 29 #SUP: 2839
48 66 36 29 52 #SUP: 2828
48 66 36 29 58 #SUP: 2838
48 66 36 29 52 58 #SUP: 2827
48 66 36 52 #SUP: 2836
48 66 36 52 58 #SUP: 2835
48 66 36 58 #SUP: 2846
48 66 60 #SUP: 2873
48 66 60 40 #SUP: 2849
48 66 60 40 29 #SUP: 2841
48 66 60 40 29 52 #SUP: 2830
48 66 60 40 29 58 #SUP: 2840
48 66 60 40 29 52 58 #SUP: 2829
48 66 60 40 52 #SUP: 2838
48 66 60 40 52 58 #SUP: 2837
48 66 60 40 58 #SUP: 2848
48 66 60 29 #SUP: 2865
48 66 60 29 52 #SUP: 2854
48 66 60 29 58 #SUP: 2864
48 66 60 29 52 58 #SUP: 2853
48 66 60 52 #SUP: 2862
48 66 60 52 58 #SUP: 2861
48 66 60 58 #SUP: 2872
48 66 40 #SUP: 2849
48 66 40 29 #SUP: 2841
48 66 40 29 52 #SUP: 2830
48 66 40 29 58 #SUP: 2840
48 66 40 29 52 58 #SUP: 2829
48 66 40 52 #SUP: 2838
48 66 40 52 58 #SUP: 2837
48 66 40 58 #SUP: 2848
48 66 29 #SUP: 2865
48 66 29 52 #SUP: 2854
48 66 29 58 #SUP: 2864
48 66 29 52 58 #SUP: 2853
48 66 52 #SUP: 2862
48 66 52 58 #SUP: 2861
48 66 58 #SUP: 2872
48 34 #SUP: 2857
48 34 62 #SUP: 2730
48 34 62 40 #SUP: 2718
48 34 62 40 58 #SUP: 2718
48 34 62 29 #SUP: 2726
48 34 62 29 52 #SUP: 2717
48 34 62 29 58 #SUP: 2726
48 34 62 29 52 58 #SUP: 2717
48 34 62 52 #SUP: 2721
48 34 62 52 58 #SUP: 2721
48 34 62 58 #SUP: 2730
48 34 7 #SUP: 2747
48 34 7 36 #SUP: 2721
48 34 7 36 29 #SUP: 2719
48 34 7 36 58 #SUP: 2720
48 34 7 36 29 58 #SUP: 2718
48 34 7 60 #SUP: 2722
48 34 7 60 29 #SUP: 2720
48 34 7 60 58 #SUP: 2721
48 34 7 60 29 58 #SUP: 2719
48 34 7 40 #SUP: 2724
48 34 7 40 29 #SUP: 2722
48 34 7 40 58 #SUP: 2723
48 34 7 40 29 58 #SUP: 2721
48 34 7 29 #SUP: 2745
48 34 7 29 52 #SUP: 2736
48 34 7 29 58 #SUP: 2744
48 34 7 29 52 58 #SUP: 2735
48 34 7 52 #SUP: 2738
48 34 7 52 58 #SUP: 2737
48 34 7 58 #SUP: 2746
48 34 36 #SUP: 2831
48 34 36 60 #SUP: 2806
48 34 36 60 40 #SUP: 2784
48 34 36 60 40 29 #SUP: 2780
48 34 36 60 40 29 52 #SUP: 2771
48 34 36 60 40 29 58 #SUP: 2779
48 34 36 60 40 29 52 58 #SUP: 2770
48 34 36 60 40 52 #SUP: 2775
48 34 36 60 40 52 58 #SUP: 2774
48 34 36 60 40 58 #SUP: 2783
48 34 36 60 29 #SUP: 2802
48 34 36 60 29 52 #SUP: 2793
48 34 36 60 29 58 #SUP: 2801
48 34 36 60 29 52 58 #SUP: 2792
48 34 36 60 52 #SUP: 2797
48 34 36 60 52 58 #SUP: 2796
48 34 36 60 58 #SUP: 2805
48 34 36 40 #SUP: 2808
48 34 36 40 29 #SUP: 2804
48 34 36 40 29 52 #SUP: 2795
48 34 36 40 29 58 #SUP: 2803
48 34 36 40 29 52 58 #SUP: 2794
48 34 36 40 52 #SUP: 2799
48 34 36 40 52 58 #SUP: 2798
48 34 36 40 58 #SUP: 2807
48 34 36 29 #SUP: 2827
48 34 36 29 52 #SUP: 2818
48 34 36 29 58 #SUP: 2826
48 34 36 29 52 58 #SUP: 2817
48 34 36 52 #SUP: 2822
48 34 36 52 58 #SUP: 2821
48 34 36 58 #SUP: 2830
48 34 60 #SUP: 2832
48 34 60 40 #SUP: 2810
48 34 60 40 29 #SUP: 2806
48 34 60 40 29 52 #SUP: 2797
48 34 60 40 29 58 #SUP: 2805
48 34 60 40 29 52 58 #SUP: 2796
48 34 60 40 52 #SUP: 2801
48 34 60 40 52 58 #SUP: 2800
48 34 60 40 58 #SUP: 2809
48 34 60 29 #SUP: 2828
48 34 60 29 52 #SUP: 2819
48 34 60 29 58 #SUP: 2827
48 34 60 29 52 58 #SUP: 2818
48 34 60 52 #SUP: 2823
48 34 60 52 58 #SUP: 2822
48 34 60 58 #SUP: 2831
48 34 40 #SUP: 2834
48 34 40 29 #SUP: 2830
48 34 40 29 52 #SUP: 2821
48 34 40 29 58 #SUP: 2829
48 34 40 29 52 58 #SUP: 2820
48 34 40 52 #SUP: 2825
48 34 40 52 58 #SUP: 2824
48 34 40 58 #SUP: 2833
48 34 29 #SUP: 2853
48 34 29 52 #SUP: 2844
48 34 29 58 #SUP: 2852
48 34 29 52 58 #SUP: 2843
48 34 52 #SUP: 2848
48 34 52 58 #SUP: 2847
48 34 58 #SUP: 2856
48 62 #SUP: 2877
48 62 7 #SUP: 2757
48 62 7 36 #SUP: 2731
48 62 7 36 29 #SUP: 2724
48 62 7 36 29 58 #SUP: 2724
48 62 7 36 52 #SUP: 2720
48 62 7 36 52 58 #SUP: 2720
48 62 7 36 58 #SUP: 2731
48 62 7 60 #SUP: 2733
48 62 7 60 40 #SUP: 2718
48 62 7 60 40 58 #SUP: 2718
48 62 7 60 29 #SUP: 2726
48 62 7 60 29 58 #SUP: 2726
48 62 7 60 52 #SUP: 2722
48 62 7 60 52 58 #SUP: 2722
48 62 7 60 58 #SUP: 2733
48 62 7 40 #SUP: 2742
48 62 7 40 29 #SUP: 2735
48 62 7 40 29 52 #SUP: 2724
48 62 7 40 29 58 #SUP: 2735
48 62 7 40 29 52 58 #SUP: 2724
48 62 7 40 52 #SUP: 2731
48 62 7 40 52 58 #SUP: 2731
48 62 7 40 58 #SUP: 2742
48 62 7 29 #SUP: 2750
48 62 7 29 52 #SUP: 2739
48 62 7 29 58 #SUP: 2750
48 62 7 29 52 58 #SUP: 2739
48 62 7 52 #SUP: 2746
48 62 7 52 58 #SUP: 2746
48 62 7 58 #SUP: 2757
48 62 36 #SUP: 2851
48 62 36 60 #SUP: 2825
48 62 36 60 40 #SUP: 2810
48 62 36 60 40 29 #SUP: 2797
48 62 36 60 40 29 52 #SUP: 2786
48 62 36 60 40 29 58 #SUP: 2797
48 62 36 60 40 29 52 58 #SUP: 2786
48 62 36 60 40 52 #SUP: 2799
48 62 36 60 40 52 58 #SUP: 2799
48 62 36 60 40 58 #SUP: 2810
48 62 36 60 29 #SUP: 2812
48 62 36 60 29 52 #SUP: 2801
48 62 36 60 29 58 #SUP: 2812
48 62 36 60 29 52 58 #SUP: 2801
48 62 36 60 52 #SUP: 2814
48 62 36 60 52 58 #SUP: 2814
48 62 36 60 58 #SUP: 2825
48 62 36 40 #SUP: 2836
48 62 36 40 29 #SUP: 2821
48 62 36 40 29 52 #SUP: 2810
48 62 36 40 29 58 #SUP: 2821
48 62 36 40 29 52 58 #SUP: 2810
48 62 36 40 52 #SUP: 2825
48 62 36 40 52 58 #SUP: 2825
48 62 36 40 58 #SUP: 2836
48 62 36 29 #SUP: 2836
48 62 36 29 52 #SUP: 2825
48 62 36 29 58 #SUP: 2836
48 62 36 29 52 58 #SUP: 2825
48 62 36 52 #SUP: 2840
48 62 36 52 58 #SUP: 2840
48 62 36 58 #SUP: 2851
48 62 60 #SUP: 2851
48 62 60 40 #SUP: 2836
48 62 60 40 29 #SUP: 2823
48 62 60 40 29 52 #SUP: 2812
48 62 60 40 29 58 #SUP: 2823
48 62 60 40 29 52 58 #SUP: 2812
48 62 60 40 52 #SUP: 2825
48 62 60 40 52 58 #SUP: 2825
48 62 60 40 58 #SUP: 2836
48 62 60 29 #SUP: 2838
48 62 60 29 52 #SUP: 2827
48 62 60 29 58 #SUP: 2838
48 62 60 29 52 58 #SUP: 2827
48 62 60 52 #SUP: 2840
48 62 60 52 58 #SUP: 2840
48 62 60 58 #SUP: 2851
48 62 40 #SUP: 2862
48 62 40 29 #SUP: 2847
48 62 40 29 52 #SUP: 2836
48 62 40 29 58 #SUP: 2847
48 62 40 29 52 58 #SUP: 2836
48 62 40 52 #SUP: 2851
48 62 40 52 58 #SUP: 2851
48 62 40 58 #SUP: 2862
48 62 29 #SUP: 2862
48 62 29 52 #SUP: 2851
48 62 29 58 #SUP: 2862
48 62 29 52 58 #SUP: 2851
48 62 52 #SUP: 2866
48 62 52 58 #SUP: 2866
48 62 58 #SUP: 2877
48 7 #SUP: 2893
48 7 36 #SUP: 2867
48 7 36 60 #SUP: 2842
48 7 36 60 40 #SUP: 2817
48 7 36 60 40 29 #SUP: 2810
48 7 36 60 40 29 52 #SUP: 2799
48 7 36 60 40 29 58 #SUP: 2809
48 7 36 60 40 29 52 58 #SUP: 2798
48 7 36 60 40 52 #SUP: 2806
48 7 36 60 40 52 58 #SUP: 2805
48 7 36 60 40 58 #SUP: 2816
48 7 36 60 29 #SUP: 2835
48 7 36 60 29 52 #SUP: 2824
48 7 36 60 29 58 #SUP: 2834
48 7 36 60 29 52 58 #SUP: 2823
48 7 36 60 52 #SUP: 2831
48 7 36 60 52 58 #SUP: 2830
48 7 36 60 58 #SUP: 2841
48 7 36 40 #SUP: 2841
48 7 36 40 29 #SUP: 2834
48 7 36 40 29 52 #SUP: 2823
48 7 36 40 29 58 #SUP: 2833
48 7 36 40 29 52 58 #SUP: 2822
48 7 36 40 52 #SUP: 2830
48 7 36 40 52 58 #SUP: 2829
48 7 36 40 58 #SUP: 2840
48 7 36 29 #SUP: 2860
48 7 36 29 52 #SUP: 2849
48 7 36 29 58 #SUP: 2859
48 7 36 29 52 58 #SUP: 2848
48 7 36 52 #SUP: 2856
48 7 36 52 58 #SUP: 2855
48 7 36 58 #SUP: 2866
48 7 60 #SUP: 2868
48 7 60 40 #SUP: 2843
48 7 60 40 29 #SUP: 2836
48 7 60 40 29 52 #SUP: 2825
48 7 60 40 29 58 #SUP: 2835
48 7 60 40 29 52 58 #SUP: 2824
48 7 60 40 52 #SUP: 2832
48 7 60 40 52 58 #SUP: 2831
48 7 60 40 58 #SUP: 2842
48 7 60 29 #SUP: 2861
48 7 60 29 52 #SUP: 2850
48 7 60 29 58 #SUP: 2860
48 7 60 29 52 58 #SUP: 2849
48 7 60 52 #SUP: 2857
48 7 60 52 58 #SUP: 2856
48 7 60 58 #SUP: 2867
48 7 40 #SUP: 2867
48 7 40 29 #SUP: 2860
48 7 40 29 52 #SUP: 2849
48 7 40 29 58 #SUP: 2859
48 7 40 29 52 58 #SUP: 2848
48 7 40 52 #SUP: 2856
48 7 40 52 58 #SUP: 2855
48 7 40 58 #SUP: 2866
48 7 29 #SUP: 2886
48 7 29 52 #SUP: 2875
48 7 29 58 #SUP: 2885
48 7 29 52 58 #SUP: 2874
48 7 52 #SUP: 2882
48 7 52 58 #SUP: 2881
48 7 58 #SUP: 2892
48 36 #SUP: 2987
48 36 60 #SUP: 2960
48 36 60 40 #SUP: 2935
48 36 60 40 29 #SUP: 2922
48 36 60 40 29 52 #SUP: 2911
48 36 60 40 29 58 #SUP: 2921
48 36 60 40 29 52 58 #SUP: 2910
48 36 60 40 52 #SUP: 2924
48 36 60 40 52 58 #SUP: 2923
48 36 60 40 58 #SUP: 2934
48 36 60 29 #SUP: 2947
48 36 60 29 52 #SUP: 2936
48 36 60 29 58 #SUP: 2946
48 36 60 29 52 58 #SUP: 2935
48 36 60 52 #SUP: 2949
48 36 60 52 58 #SUP: 2948
48 36 60 58 #SUP: 2959
48 36 40 #SUP: 2961
48 36 40 29 #SUP: 2946
48 36 40 29 52 #SUP: 2935
48 36 40 29 58 #SUP: 2945
48 36 40 29 52 58 #SUP: 2934
48 36 40 52 #SUP: 2950
48 36 40 52 58 #SUP: 2949
48 36 40 58 #SUP: 2960
48 36 29 #SUP: 2972
48 36 29 52 #SUP: 2961
48 36 29 58 #SUP: 2971
48 36 29 52 58 #SUP: 2960
48 36 52 #SUP: 2976
48 36 52 58 #SUP: 2975
48 36 58 #SUP: 2986
48 60 #SUP: 2986
48 60 40 #SUP: 2961
48 60 40 29 #SUP: 2948
48 60 40 29 52 #SUP: 2937
48 60 40 29 58 #SUP: 2947
48 60 40 29 52 58 #SUP: 2936
48 60 40 52 #SUP: 2950
48 60 40 52 58 #SUP: 2949
48 60 40 58 #SUP: 2960
48 60 29 #SUP: 2973
48 60 29 52 #SUP: 2962
48 60 29 58 #SUP: 2972
48 60 29 52 58 #SUP: 2961
48 60 52 #SUP: 2975
48 60 52 58 #SUP: 2974
48 60 58 #SUP: 2985
48 40 #SUP: 2987
48 40 29 #SUP: 2972
48 40 29 52 #SUP: 2961
48 40 29 58 #SUP: 2971
48 40 29 52 58 #SUP: 2960
48 40 52 #SUP: 2976
48 40 52 58 #SUP: 2975
48 40 58 #SUP: 2986
48 29 #SUP: 2998
48 29 52 #SUP: 2987
48 29 58 #SUP: 2997
48 29 52 58 #SUP: 2986
48 52 #SUP: 3002
48 52 58 #SUP: 3001
48 58 #SUP: 3012
56 66 #SUP: 2846
56 66 34 #SUP: 2730
56 66 34 60 #SUP: 2730
56 66 34 60 29 #SUP: 2726
56 66 34 60 29 52 #SUP: 2721
56 66 34 60 29 58 #SUP: 2725
56 66 34 60 29 52 58 #SUP: 2720
56 66 34 60 52 #SUP: 2725
56 66 34 60 52 58 #SUP: 2724
56 66 34 60 58 #SUP: 2729
56 66 34 29 #SUP: 2726
56 66 34 29 52 #SUP: 2721
56 66 34 29 58 #SUP: 2725
56 66 34 29 52 58 #SUP: 2720
56 66 34 52 #SUP: 2725
56 66 34 52 58 #SUP: 2724
56 66 34 58 #SUP: 2729
56 66 62 #SUP: 2755
56 66 62 60 #SUP: 2755
56 66 62 60 40 #SUP: 2741
56 66 62 60 40 29 #SUP: 2733
56 66 62 60 40 29 52 #SUP: 2728
56 66 62 60 40 29 58 #SUP: 2733
56 66 62 60 40 29 52 58 #SUP: 2728
56 66 62 60 40 52 #SUP: 2736
56 66 62 60 40 52 58 #SUP: 2736
56 66 62 60 40 58 #SUP: 2741
56 66 62 60 29 #SUP: 2747
56 66 62 60 29 52 #SUP: 2742
56 66 62 60 29 58 #SUP: 2747
56 66 62 60 29 52 58 #SUP: 2742
56 66 62 60 52 #SUP: 2750
56 66 62 60 52 58 #SUP: 2750
56 66 62 60 58 #SUP: 2755
56 66 62 40 #SUP: 2741
56 66 62 40 29 #SUP: 2733
56 66 62 40 29 52 #SUP: 2728
56 66 62 40 29 58 #SUP: 2733
56 66 62 40 29 52 58 #SUP: 2728
56 66 62 40 52 #SUP: 2736
56 66 62 40 52 58 #SUP: 2736
56 66 62 40 58 #SUP: 2741
56 66 62 29 #SUP: 2747
56 66 62 29 52 #SUP: 2742
56 66 62 29 58 #SUP: 2747
56 66 62 29 52 58 #SUP: 2742
56 66 62 52 #SUP: 2750
56 66 62 52 58 #SUP: 2750
56 66 62 58 #SUP: 2755
56 66 7 #SUP: 2749
56 66 7 60 #SUP: 2749
56 66 7 60 40 #SUP: 2726
56 66 7 60 40 29 #SUP: 2722
56 66 7 60 40 29 52 #SUP: 2717
56 66 7 60 40 29 58 #SUP: 2721
56 66 7 60 40 52 #SUP: 2721
56 66 7 60 40 52 58 #SUP: 2720
56 66 7 60 40 58 #SUP: 2725
56 66 7 60 29 #SUP: 2745
56 66 7 60 29 52 #SUP: 2740
56 66 7 60 29 58 #SUP: 2744
56 66 7 60 29 52 58 #SUP: 2739
56 66 7 60 52 #SUP: 2744
56 66 7 60 52 58 #SUP: 2743
56 66 7 60 58 #SUP: 2748
56 66 7 40 #SUP: 2726
56 66 7 40 29 #SUP: 2722
56 66 7 40 29 52 #SUP: 2717
56 66 7 40 29 58 #SUP: 2721
56 66 7 40 52 #SUP: 2721
56 66 7 40 52 58 #SUP: 2720
56 66 7 40 58 #SUP: 2725
56 66 7 29 #SUP: 2745
56 66 7 29 52 #SUP: 2740
56 66 7 29 58 #SUP: 2744
56 66 7 29 52 58 #SUP: 2739
56 66 7 52 #SUP: 2744
56 66 7 52 58 #SUP: 2743
56 66 7 58 #SUP: 2748
56 66 36 #SUP: 2749
56 66 36 60 #SUP: 2749
56 66 36 60 40 #SUP: 2726
56 66 36 60 40 29 #SUP: 2718
56 66 36 60 40 29 58 #SUP: 2717
56 66 36 60 40 52 #SUP: 2721
56 66 36 60 40 52 58 #SUP: 2720
56 66 36 60 40 58 #SUP: 2725
56 66 36 60 29 #SUP: 2741
56 66 36 60 29 52 #SUP: 2736
56 66 36 60 29 58 #SUP: 2740
56 66 36 60 29 52 58 #SUP: 2735
56 66 36 60 52 #SUP: 2744
56 66 36 60 52 58 #SUP: 2743
56 66 36 60 58 #SUP: 2748
56 66 36 40 #SUP: 2726
56 66 36 40 29 #SUP: 2718
56 66 36 40 29 58 #SUP: 2717
56 66 36 40 52 #SUP: 2721
56 66 36 40 52 58 #SUP: 2720
56 66 36 40 58 #SUP: 2725
56 66 36 29 #SUP: 2741
56 66 36 29 52 #SUP: 2736
56 66 36 29 58 #SUP: 2740
56 66 36 29 52 58 #SUP: 2735
56 66 36 52 #SUP: 2744
56 66 36 52 58 #SUP: 2743
56 66 36 58 #SUP: 2748
56 66 60 #SUP: 2846
56 66 60 40 #SUP: 2823
56 66 60 40 29 #SUP: 2815
56 66 60 40 29 52 #SUP: 2810
56 66 60 40 29 58 #SUP: 2814
56 66 60 40 29 52 58 #SUP: 2809
56 66 60 40 52 #SUP: 2818
56 66 60 40 52 58 #SUP: 2817
56 66 60 40 58 #SUP: 2822
56 66 60 29 #SUP: 2838
56 66 60 29 52 #SUP: 2833
56 66 60 29 58 #SUP: 2837
56 66 60 29 52 58 #SUP: 2832
56 66 60 52 #SUP: 2841
56 66 60 52 58 #SUP: 2840
56 66 60 58 #SUP: 2845
56 66 40 #SUP: 2823
56 66 40 29 #SUP: 2815
56 66 40 29 52 #SUP: 2810
56 66 40 29 58 #SUP: 2814
56 66 40 29 52 58 #SUP: 2809
56 66 40 52 #SUP: 2818
56 66 40 52 58 #SUP: 2817
56 66 40 58 #SUP: 2822
56 66 29 #SUP: 2838
56 66 29 52 #SUP: 2833
56 66 29 58 #SUP: 2837
56 66 29 52 58 #SUP: 2832
56 66 52 #SUP: 2841
56 66 52 58 #SUP: 2840
56 66 58 #SUP: 2845
56 34 #SUP: 2884
56 34 62 #SUP: 2791
56 34 62 60 #SUP: 2747
56 34 62 60 40 #SUP: 2735
56 34 62 60 40 29 #SUP: 2731
56 34 62 60 40 29 52 #SUP: 2726
56 34 62 60 40 29 58 #SUP: 2731
56 34 62 60 40 29 52 58 #SUP: 2726
56 34 62 60 40 52 #SUP: 2730
56 34 62 60 40 52 58 #SUP: 2730
56 34 62 60 40 58 #SUP: 2735
56 34 62 60 29 #SUP: 2743
56 34 62 60 29 52 #SUP: 2738
56 34 62 60 29 58 #SUP: 2743
56 34 62 60 29 52 58 #SUP: 2738
56 34 62 60 52 #SUP: 2742
56 34 62 60 52 58 #SUP: 2742
56 34 62 60 58 #SUP: 2747
56 34 62 40 #SUP: 2779
56 34 62 40 29 #SUP: 2775
56 34 62 40 29 52 #SUP: 2770
56 34 62 40 29 58 #SUP: 2775
56 34 62 40 29 52 58 #SUP: 2770
56 34 62 40 52 #SUP: 2774
56 34 62 40 52 58 #SUP: 2774
56 34 62 40 58 #SUP: 2779
56 34 62 29 #SUP: 2787
56 34 62 29 52 #SUP: 2782
56 34 62 29 58 #SUP: 2787
56 34 62 29 52 58 #SUP: 2782
56 34 62 52 #SUP: 2786
56 34 62 52 58 #SUP: 2786
56 34 62 58 #SUP: 2791
56 34 7 #SUP: 2790
56 34 7 60 #SUP: 2745
56 34 7 60 40 #SUP: 2723
56 34 7 60 40 29 #SUP: 2721
56 34 7 60 40 29 58 #SUP: 2720
56 34 7 60 40 52 #SUP: 2718
56 34 7 60 40 52 58 #SUP: 2717
56 34 7 60 40 58 #SUP: 2722
56 34 7 60 29 #SUP: 2743
56 34 7 60 29 52 #SUP: 2738
56 34 7 60 29 58 #SUP: 2742
56 34 7 60 29 52 58 #SUP: 2737
56 34 7 60 52 #SUP: 2740
56 34 7 60 52 58 #SUP: 2739
56 34 7 60 58 #SUP: 2744
56 34 7 40 #SUP: 2767
56 34 7 40 29 #SUP: 2765
56 34 7 40 29 52 #SUP: 2760
56 34 7 40 29 58 #SUP: 2764
56 34 7 40 29 52 58 #SUP: 2759
56 34 7 40 52 #SUP: 2762
56 34 7 40 52 58 #SUP: 2761
56 34 7 40 58 #SUP: 2766
56 34 7 29 #SUP: 2788
56 34 7 29 52 #SUP: 2783
56 34 7 29 58 #SUP: 2787
56 34 7 29 52 58 #SUP: 2782
56 34 7 52 #SUP: 2785
56 34 7 52 58 #SUP: 2784
56 34 7 58 #SUP: 2789
56 34 36 #SUP: 2787
56 34 36 60 #SUP: 2742
56 34 36 60 40 #SUP: 2720
56 34 36 60 40 58 #SUP: 2719
56 34 36 60 29 #SUP: 2738
56 34 36 60 29 52 #SUP: 2733
56 34 36 60 29 58 #SUP: 2737
56 34 36 60 29 52 58 #SUP: 2732
56 34 36 60 52 #SUP: 2737
56 34 36 60 52 58 #SUP: 2736
56 34 36 60 58 #SUP: 2741
56 34 36 40 #SUP: 2764
56 34 36 40 29 #SUP: 2760
56 34 36 40 29 52 #SUP: 2755
56 34 36 40 29 58 #SUP: 2759
56 34 36 40 29 52 58 #SUP: 2754
56 34 36 40 52 #SUP: 2759
56 34 36 40 52 58 #SUP: 2758
56 34 36 40 58 #SUP: 2763
56 34 36 29 #SUP: 2783
56 34 36 29 52 #SUP: 2778
56 34 36 29 58 #SUP: 2782
56 34 36 29 52 58 #SUP: 2777
56 34 36 52 #SUP: 2782
56 34 36 52 58 #SUP: 2781
56 34 36 58 #SUP: 2786
56 34 60 #SUP: 2839
56 34 60 40 #SUP: 2817
56 34 60 40 29 #SUP: 2813
56 34 60 40 29 52 #SUP: 2808
56 34 60 40 29 58 #SUP: 2812
56 34 60 40 29 52 58 #SUP: 2807
56 34 60 40 52 #SUP: 2812
56 34 60 40 52 58 #SUP: 2811
56 34 60 40 58 #SUP: 2816
56 34 60 29 #SUP: 2835
56 34 60 29 52 #SUP: 2830
56 34 60 29 58 #SUP: 2834
56 34 60 29 52 58 #SUP: 2829
56 34 60 52 #SUP: 2834
56 34 60 52 58 #SUP: 2833
56 34 60 58 #SUP: 2838
56 34 40 #SUP: 2861
56 34 40 29 #SUP: 2857
56 34 40 29 52 #SUP: 2852
56 34 40 29 58 #SUP: 2856
56 34 40 29 52 58 #SUP: 2851
56 34 40 52 #SUP: 2856
56 34 40 52 58 #SUP: 2855
56 34 40 58 #SUP: 2860
56 34 29 #SUP: 2880
56 34 29 52 #SUP: 2875
56 34 29 58 #SUP: 2879
56 34 29 52 58 #SUP: 2874
56 34 52 #SUP: 2879
56 34 52 58 #SUP: 2878
56 34 58 #SUP: 2883
56 62 #SUP: 2923
56 62 7 #SUP: 2821
56 62 7 36 #SUP: 2724
56 62 7 36 29 #SUP: 2717
56 62 7 36 29 58 #SUP: 2717
56 62 7 36 52 #SUP: 2719
56 62 7 36 52 58 #SUP: 2719
56 62 7 36 58 #SUP: 2724
56 62 7 60 #SUP: 2777
56 62 7 60 40 #SUP: 2763
56 62 7 60 40 29 #SUP: 2756
56 62 7 60 40 29 52 #SUP: 2751
56 62 7 60 40 29 58 #SUP: 2756
56 62 7 60 40 29 52 58 #SUP: 2751
56 62 7 60 40 52 #SUP: 2758
56 62 7 60 40 52 58 #SUP: 2758
56 62 7 60 40 58 #SUP: 2763
56 62 7 60 29 #SUP: 2770
56 62 7 60 29 52 #SUP: 2765
56 62 7 60 29 58 #SUP: 2770
56 62 7 60 29 52 58 #SUP: 2765
56 62 7 60 52 #SUP: 2772
56 62 7 60 52 58 #SUP: 2772
56 62 7 60 58 #SUP: 2777
56 62 7 40 #SUP: 2807
56 62 7 40 29 #SUP: 2800
56 62 7 40 29 52 #SUP: 2795
56 62 7 40 29 58 #SUP: 2800
56 62 7 40 29 52 58 #SUP: 2795
56 62 7 40 52 #SUP: 2802
56 62 7 40 52 58 #SUP: 2802
56 62 7 40 58 #SUP: 2807
56 62 7 29 #SUP: 2814
56 62 7 29 52 #SUP: 2809
56 62 7 29 58 #SUP: 2814
56 62 7 29 52 58 #SUP: 2809
56 62 7 52 #SUP: 2816
56 62 7 52 58 #SUP: 2816
56 62 7 58 #SUP: 2821
56 62 36 #SUP: 2826
56 62 36 60 #SUP: 2780
56 62 36 60 40 #SUP: 2766
56 62 36 60 40 29 #SUP: 2753
56 62 36 60 40 29 52 #SUP: 2748
56 62 36 60 40 29 58 #SUP: 2753
56 62 36 60 40 29 52 58 #SUP: 2748
56 62 36 60 40 52 #SUP: 2761
56 62 36 60 40 52 58 #SUP: 2761
56 62 36 60 40 58 #SUP: 2766
56 62 36 60 29 #SUP: 2767
56 62 36 60 29 52 #SUP: 2762
56 62 36 60 29 58 #SUP: 2767
56 62 36 60 29 52 58 #SUP: 2762
56 62 36 60 52 #SUP: 2775
56 62 36 60 52 58 #SUP: 2775
56 62 36 60 58 #SUP: 2780
56 62 36 40 #SUP: 2812
56 62 36 40 29 #SUP: 2797
56 62 36 40 29 52 #SUP: 2792
56 62 36 40 29 58 #SUP: 2797
56 62 36 40 29 52 58 #SUP: 2792
56 62 36 40 52 #SUP: 2807
56 62 36 40 52 58 #SUP: 2807
56 62 36 40 58 #SUP: 2812
56 62 36 29 #SUP: 2811
56 62 36 29 52 #SUP: 2806
56 62 36 29 58 #SUP: 2811
56 62 36 29 52 58 #SUP: 2806
56 62 36 52 #SUP: 2821
56 62 36 52 58 #SUP: 2821
56 62 36 58 #SUP: 2826
56 62 60 #SUP: 2877
56 62 60 40 #SUP: 2863
56 62 60 40 29 #SUP: 2850
56 62 60 40 29 52 #SUP: 2845
56 62 60 40 29 58 #SUP: 2850
56 62 60 40 29 52 58 #SUP: 2845
56 62 60 40 52 #SUP: 2858
56 62 60 40 52 58 #SUP: 2858
56 62 60 40 58 #SUP: 2863
56 62 60 29 #SUP: 2864
56 62 60 29 52 #SUP: 2859
56 62 60 29 58 #SUP: 2864
56 62 60 29 52 58 #SUP: 2859
56 62 60 52 #SUP: 2872
56 62 60 52 58 #SUP: 2872
56 62 60 58 #SUP: 2877
56 62 40 #SUP: 2909
56 62 40 29 #SUP: 2894
56 62 40 29 52 #SUP: 2889
56 62 40 29 58 #SUP: 2894
56 62 40 29 52 58 #SUP: 2889
56 62 40 52 #SUP: 2904
56 62 40 52 58 #SUP: 2904
56 62 40 58 #SUP: 2909
56 62 29 #SUP: 2908
56 62 29 52 #SUP: 2903
56 62 29 58 #SUP: 2908
56 62 29 52 58 #SUP: 2903
56 62 52 #SUP: 2918
56 62 52 58 #SUP: 2918
56 62 58 #SUP: 2923
56 7 #SUP: 2919
56 7 36 #SUP: 2822
56 7 36 60 #SUP: 2777
56 7 36 60 40 #SUP: 2753
56 7 36 60 40 29 #SUP: 2746
56 7 36 60 40 29 52 #SUP: 2741
56 7 36 60 40 29 58 #SUP: 2745
56 7 36 60 40 29 52 58 #SUP: 2740
56 7 36 60 40 52 #SUP: 2748
56 7 36 60 40 52 58 #SUP: 2747
56 7 36 60 40 58 #SUP: 2752
56 7 36 60 29 #SUP: 2770
56 7 36 60 29 52 #SUP: 2765
56 7 36 60 29 58 #SUP: 2769
56 7 36 60 29 52 58 #SUP: 2764
56 7 36 60 52 #SUP: 2772
56 7 36 60 52 58 #SUP: 2771
56 7 36 60 58 #SUP: 2776
56 7 36 40 #SUP: 2797
56 7 36 40 29 #SUP: 2790
56 7 36 40 29 52 #SUP: 2785
56 7 36 40 29 58 #SUP: 2789
56 7 36 40 29 52 58 #SUP: 2784
56 7 36 40 52 #SUP: 2792
56 7 36 40 52 58 #SUP: 2791
56 7 36 40 58 #SUP: 2796
56 7 36 29 #SUP: 2815
56 7 36 29 52 #SUP: 2810
56 7 36 29 58 #SUP: 2814
56 7 36 29 52 58 #SUP: 2809
56 7 36 52 #SUP: 2817
56 7 36 52 58 #SUP: 2816
56 7 36 58 #SUP: 2821
56 7 60 #SUP: 2874
56 7 60 40 #SUP: 2850
56 7 60 40 29 #SUP: 2843
56 7 60 40 29 52 #SUP: 2838
56 7 60 40 29 58 #SUP: 2842
56 7 60 40 29 52 58 #SUP: 2837
56 7 60 40 52 #SUP: 2845
56 7 60 40 52 58 #SUP: 2844
56 7 60 40 58 #SUP: 2849
56 7 60 29 #SUP: 2867
56 7 60 29 52 #SUP: 2862
56 7 60 29 58 #SUP: 2866
56 7 60 29 52 58 #SUP: 2861
56 7 60 52 #SUP: 2869
56 7 60 52 58 #SUP: 2868
56 7 60 58 #SUP: 2873
56 7 40 #SUP: 2894
56 7 40 29 #SUP: 2887
56 7 40 29 52 #SUP: 2882
56 7 40 29 58 #SUP: 2886
56 7 40 29 52 58 #SUP: 2881
56 7 40 52 #SUP: 2889
56 7 40 52 58 #SUP: 2888
56 7 40 58 #SUP: 2893
56 7 29 #SUP: 2912
56 7 29 52 #SUP: 2907
56 7 29 58 #SUP: 2911
56 7 29 52 58 #SUP: 2906
56 7 52 #SUP: 2914
56 7 52 58 #SUP: 2913
56 7 58 #SUP: 2918
56 36 #SUP: 2924
56 36 60 #SUP: 2877
56 36 60 40 #SUP: 2853
56 36 60 40 29 #SUP: 2840
56 36 60 40 29 52 #SUP: 2835
56 36 60 40 29 58 #SUP: 2839
56 36 60 40 29 52 58 #SUP: 2834
56 36 60 40 52 #SUP: 2848
56 36 60 40 52 58 #SUP: 2847
56 36 60 40 58 #SUP: 2852
56 36 60 29 #SUP: 2864
56 36 60 29 52 #SUP: 2859
56 36 60 29 58 #SUP: 2863
56 36 60 29 52 58 #SUP: 2858
56 36 60 52 #SUP: 2872
56 36 60 52 58 #SUP: 2871
56 36 60 58 #SUP: 2876
56 36 40 #SUP: 2899
56 36 40 29 #SUP: 2884
56 36 40 29 52 #SUP: 2879
56 36 40 29 58 #SUP: 2883
56 36 40 29 52 58 #SUP: 2878
56 36 40 52 #SUP: 2894
56 36 40 52 58 #SUP: 2893
56 36 40 58 #SUP: 2898
56 36 29 #SUP: 2909
56 36 29 52 #SUP: 2904
56 36 29 58 #SUP: 2908
56 36 29 52 58 #SUP: 2903
56 36 52 #SUP: 2919
56 36 52 58 #SUP: 2918
56 36 58 #SUP: 2923
56 60 #SUP: 2974
56 60 40 #SUP: 2950
56 60 40 29 #SUP: 2937
56 60 40 29 52 #SUP: 2932
56 60 40 29 58 #SUP: 2936
56 60 40 29 52 58 #SUP: 2931
56 60 40 52 #SUP: 2945
56 60 40 52 58 #SUP: 2944
56 60 40 58 #SUP: 2949
56 60 29 #SUP: 2961
56 60 29 52 #SUP: 2956
56 60 29 58 #SUP: 2960
56 60 29 52 58 #SUP: 2955
56 60 52 #SUP: 2969
56 60 52 58 #SUP: 2968
56 60 58 #SUP: 2973
56 40 #SUP: 2996
56 40 29 #SUP: 2981
56 40 29 52 #SUP: 2976
56 40 29 58 #SUP: 2980
56 40 29 52 58 #SUP: 2975
56 40 52 #SUP: 2991
56 40 52 58 #SUP: 2990
56 40 58 #SUP: 2995
56 29 #SUP: 3006
56 29 52 #SUP: 3001
56 29 58 #SUP: 3005
56 29 52 58 #SUP: 3000
56 52 #SUP: 3016
56 52 58 #SUP: 3015
56 58 #SUP: 3020
66 34 #SUP: 2886
66 34 62 #SUP: 2766
66 34 62 60 #SUP: 2766
66 34 62 60 40 #SUP: 2754
66 34 62 60 40 29 #SUP: 2750
66 34 62 60 40 29 52 #SUP: 2741
66 34 62 60 40 29 58 #SUP: 2750
66 34 62 60 40 29 52 58 #SUP: 2741
66 34 62 60 40 52 #SUP: 2745
66 34 62 60 40 52 58 #SUP: 2745
66 34 62 60 40 58 #SUP: 2754
66 34 62 60 29 #SUP: 2762
66 34 62 60 29 52 #SUP: 2753
66 34 62 60 29 58 #SUP: 2762
66 34 62 60 29 52 58 #SUP: 2753
66 34 62 60 52 #SUP: 2757
66 34 62 60 52 58 #SUP: 2757
66 34 62 60 58 #SUP: 2766
66 34 62 40 #SUP: 2754
66 34 62 40 29 #SUP: 2750
66 34 62 40 29 52 #SUP: 2741
66 34 62 40 29 58 #SUP: 2750
66 34 62 40 29 52 58 #SUP: 2741
66 34 62 40 52 #SUP: 2745
66 34 62 40 52 58 #SUP: 2745
66 34 62 40 58 #SUP: 2754
66 34 62 29 #SUP: 2762
66 34 62 29 52 #SUP: 2753
66 34 62 29 58 #SUP: 2762
66 34 62 29 52 58 #SUP: 2753
66 34 62 52 #SUP: 2757
66 34 62 52 58 #SUP: 2757
66 34 62 58 #SUP: 2766
66 34 7 #SUP: 2777
66 34 7 60 #SUP: 2777
66 34 7 60 40 #SUP: 2756
66 34 7 60 40 29 #SUP: 2754
66 34 7 60 40 29 52 #SUP: 2745
66 34 7 60 40 29 58 #SUP: 2753
66 34 7 60 40 29 52 58 #SUP: 2744
66 34 7 60 40 52 #SUP: 2747
66 34 7 60 40 52 58 #SUP: 2746
66 34 7 60 40 58 #SUP: 2755
66 34 7 60 29 #SUP: 2775
66 34 7 60 29 52 #SUP: 2766
66 34 7 60 29 58 #SUP: 2774
66 34 7 60 29 52 58 #SUP: 2765
66 34 7 60 52 #SUP: 2768
66 34 7 60 52 58 #SUP: 2767
66 34 7 60 58 #SUP: 2776
66 34 7 40 #SUP: 2756
66 34 7 40 29 #SUP: 2754
66 34 7 40 29 52 #SUP: 2745
66 34 7 40 29 58 #SUP: 2753
66 34 7 40 29 52 58 #SUP: 2744
66 34 7 40 52 #SUP: 2747
66 34 7 40 52 58 #SUP: 2746
66 34 7 40 58 #SUP: 2755
66 34 7 29 #SUP: 2775
66 34 7 29 52 #SUP: 2766
66 34 7 29 58 #SUP: 2774
66 34 7 29 52 58 #SUP: 2765
66 34 7 52 #SUP: 2768
66 34 7 52 58 #SUP: 2767
66 34 7 58 #SUP: 2776
66 34 36 #SUP: 2789
66 34 36 60 #SUP: 2789
66 34 36 60 40 #SUP: 2768
66 34 36 60 40 29 #SUP: 2764
66 34 36 60 40 29 52 #SUP: 2755
66 34 36 60 40 29 58 #SUP: 2763
66 34 36 60 40 29 52 58 #SUP: 2754
66 34 36 60 40 52 #SUP: 2759
66 34 36 60 40 52 58 #SUP: 2758
66 34 36 60 40 58 #SUP: 2767
66 34 36 60 29 #SUP: 2785
66 34 36 60 29 52 #SUP: 2776
66 34 36 60 29 58 #SUP: 2784
66 34 36 60 29 52 58 #SUP: 2775
66 34 36 60 52 #SUP: 2780
66 34 36 60 52 58 #SUP: 2779
66 34 36 60 58 #SUP: 2788
66 34 36 40 #SUP: 2768
66 34 36 40 29 #SUP: 2764
66 34 36 40 29 52 #SUP: 2755
66 34 36 40 29 58 #SUP: 2763
66 34 36 40 29 52 58 #SUP: 2754
66 34 36 40 52 #SUP: 2759
66 34 36 40 52 58 #SUP: 2758
66 34 36 40 58 #SUP: 2767
66 34 36 29 #SUP: 2785
66 34 36 29 52 #SUP: 2776
66 34 36 29 58 #SUP: 2784
66 34 36 29 52 58 #SUP: 2775
66 34 36 52 #SUP: 2780
66 34 36 52 58 #SUP: 2779
66 34 36 58 #SUP: 2788
66 34 60 #SUP: 2886
66 34 60 40 #SUP: 2865
66 34 60 40 29 #SUP: 2861
66 34 60 40 29 52 #SUP: 2852
66 34 60 40 29 58 #SUP: 2860
66 34 60 40 29 52 58 #SUP: 2851
66 34 60 40 52 #SUP: 2856
66 34 60 40 52 58 #SUP: 2855
66 34 60 40 58 #SUP: 2864
66 34 60 29 #SUP: 2882
66 34 60 29 52 #SUP: 2873
66 34 60 29 58 #SUP: 2881
66 34 60 29 52 58 #SUP: 2872
66 34 60 52 #SUP: 2877
66 34 60 52 58 #SUP: 2876
66 34 60 58 #SUP: 2885
66 34 40 #SUP: 2865
66 34 40 29 #SUP: 2861
66 34 40 29 52 #SUP: 2852
66 34 40 29 58 #SUP: 2860
66 34 40 29 52 58 #SUP: 2851
66 34 40 52 #SUP: 2856
66 34 40 52 58 #SUP: 2855
66 34 40 58 #SUP: 2864
66 34 29 #SUP: 2882
66 34 29 52 #SUP: 2873
66 34 29 58 #SUP: 2881
66 34 29 52 58 #SUP: 2872
66 34 52 #SUP: 2877
66 34 52 58 #SUP: 2876
66 34 58 #SUP: 2885
66 62 #SUP: 2892
66 62 7 #SUP: 2777
66 62 7 60 #SUP: 2777
66 62 7 60 40 #SUP: 2762
66 62 7 60 40 29 #SUP: 2758
66 62 7 60 40 29 52 #SUP: 2747
66 62 7 60 40 29 58 #SUP: 2758
66 62 7 60 40 29 52 58 #SUP: 2747
66 62 7 60 40 52 #SUP: 2751
66 62 7 60 40 52 58 #SUP: 2751
66 62 7 60 40 58 #SUP: 2762
66 62 7 60 29 #SUP: 2773
66 62 7 60 29 52 #SUP: 2762
66 62 7 60 29 58 #SUP: 2773
66 62 7 60 29 52 58 #SUP: 2762
66 62 7 60 52 #SUP: 2766
66 62 7 60 52 58 #SUP: 2766
66 62 7 60 58 #SUP: 2777
66 62 7 40 #SUP: 2762
66 62 7 40 29 #SUP: 2758
66 62 7 40 29 52 #SUP: 2747
66 62 7 40 29 58 #SUP: 2758
66 62 7 40 29 52 58 #SUP: 2747
66 62 7 40 52 #SUP: 2751
66 62 7 40 52 58 #SUP: 2751
66 62 7 40 58 #SUP: 2762
66 62 7 29 #SUP: 2773
66 62 7 29 52 #SUP: 2762
66 62 7 29 58 #SUP: 2773
66 62 7 29 52 58 #SUP: 2762
66 62 7 52 #SUP: 2766
66 62 7 52 58 #SUP: 2766
66 62 7 58 #SUP: 2777
66 62 36 #SUP: 2795
66 62 36 60 #SUP: 2795
66 62 36 60 40 #SUP: 2780
66 62 36 60 40 29 #SUP: 2772
66 62 36 60 40 29 52 #SUP: 2761
66 62 36 60 40 29 58 #SUP: 2772
66 62 36 60 40 29 52 58 #SUP: 2761
66 62 36 60 40 52 #SUP: 2769
66 62 36 60 40 52 58 #SUP: 2769
66 62 36 60 40 58 #SUP: 2780
66 62 36 60 29 #SUP: 2787
66 62 36 60 29 52 #SUP: 2776
66 62 36 60 29 58 #SUP: 2787
66 62 36 60 29 52 58 #SUP: 2776
66 62 36 60 52 #SUP: 2784
66 62 36 60 52 58 #SUP: 2784
66 62 36 60 58 #SUP: 2795
66 62 36 40 #SUP: 2780
66 62 36 40 29 #SUP: 2772
66 62 36 40 29 52 #SUP: 2761
66 62 36 40 29 58 #SUP: 2772
66 62 36 40 29 52 58 #SUP: 2761
66 62 36 40 52 #SUP: 2769
66 62 36 40 52 58 #SUP: 2769
66 62 36 40 58 #SUP: 2780
66 62 36 29 #SUP: 2787
66 62 36 29 52 #SUP: 2776
66 62 36 29 58 #SUP: 2787
66 62 36 29 52 58 #SUP: 2776
66 62 36 52 #SUP: 2784
66 62 36 52 58 #SUP: 2784
66 62 36 58 #SUP: 2795
66 62 60 #SUP: 2892
66 62 60 40 #SUP: 2877
66 62 60 40 29 #SUP: 2869
66 62 60 40 29 52 #SUP: 2858
66 62 60 40 29 58 #SUP: 2869
66 62 60 40 29 52 58 #SUP: 2858
66 62 60 40 52 #SUP: 2866
66 62 60 40 52 58 #SUP: 2866
66 62 60 40 58 #SUP: 2877
66 62 60 29 #SUP: 2884
66 62 60 29 52 #SUP: 2873
66 62 60 29 58 #SUP: 2884
66 62 60 29 52 58 #SUP: 2873
66 62 60 52 #SUP: 2881
66 62 60 52 58 #SUP: 2881
66 62 60 58 #SUP: 2892
66 62 40 #SUP: 2877
66 62 40 29 #SUP: 2869
66 62 40 29 52 #SUP: 2858
66 62 40 29 58 #SUP: 2869
66 62 40 29 52 58 #SUP: 2858
66 62 40 52 #SUP: 2866
66 62 40 52 58 #SUP: 2866
66 62 40 58 #SUP: 2877
66 62 29 #SUP: 2884
66 62 29 52 #SUP: 2873
66 62 29 58 #SUP: 2884
66 62 29 52 58 #SUP: 2873
66 62 52 #SUP: 2881
66 62 52 58 #SUP: 2881
66 62 58 #SUP: 2892
66 7 #SUP: 2906
66 7 36 #SUP: 2809
66 7 36 60 #SUP: 2809
66 7 36 60 40 #SUP: 2785
66 7 36 60 40 29 #SUP: 2781
66 7 36 60 40 29 52 #SUP: 2770
66 7 36 60 40 29 58 #SUP: 2780
66 7 36 60 40 29 52 58 #SUP: 2769
66 7 36 60 40 52 #SUP: 2774
66 7 36 60 40 52 58 #SUP: 2773
66 7 36 60 40 58 #SUP: 2784
66 7 36 60 29 #SUP: 2805
66 7 36 60 29 52 #SUP: 2794
66 7 36 60 29 58 #SUP: 2804
66 7 36 60 29 52 58 #SUP: 2793
66 7 36 60 52 #SUP: 2798
66 7 36 60 52 58 #SUP: 2797
66 7 36 60 58 #SUP: 2808
66 7 36 40 #SUP: 2785
66 7 36 40 29 #SUP: 2781
66 7 36 40 29 52 #SUP: 2770
66 7 36 40 29 58 #SUP: 2780
66 7 36 40 29 52 58 #SUP: 2769
66 7 36 40 52 #SUP: 2774
66 7 36 40 52 58 #SUP: 2773
66 7 36 40 58 #SUP: 2784
66 7 36 29 #SUP: 2805
66 7 36 29 52 #SUP: 2794
66 7 36 29 58 #SUP: 2804
66 7 36 29 52 58 #SUP: 2793
66 7 36 52 #SUP: 2798
66 7 36 52 58 #SUP: 2797
66 7 36 58 #SUP: 2808
66 7 60 #SUP: 2906
66 7 60 40 #SUP: 2882
66 7 60 40 29 #SUP: 2878
66 7 60 40 29 52 #SUP: 2867
66 7 60 40 29 58 #SUP: 2877
66 7 60 40 29 52 58 #SUP: 2866
66 7 60 40 52 #SUP: 2871
66 7 60 40 52 58 #SUP: 2870
66 7 60 40 58 #SUP: 2881
66 7 60 29 #SUP: 2902
66 7 60 29 52 #SUP: 2891
66 7 60 29 58 #SUP: 2901
66 7 60 29 52 58 #SUP: 2890
66 7 60 52 #SUP: 2895
66 7 60 52 58 #SUP: 2894
66 7 60 58 #SUP: 2905
66 7 40 #SUP: 2882
66 7 40 29 #SUP: 2878
66 7 40 29 52 #SUP: 2867
66 7 40 29 58 #SUP: 2877
66 7 40 29 52 58 #SUP: 2866
66 7 40 52 #SUP: 2871
66 7 40 52 58 #SUP: 2870
66 7 40 58 #SUP: 2881
66 7 29 #SUP: 2902
66 7 29 52 #SUP: 2891
66 7 29 58 #SUP: 2901
66 7 29 52 58 #SUP: 2890
66 7 52 #SUP: 2895
66 7 52 58 #SUP: 2894
66 7 58 #SUP: 2905
66 36 #SUP: 2924
66 36 60 #SUP: 2924
66 36 60 40 #SUP: 2900
66 36 60 40 29 #SUP: 2892
66 36 60 40 29 52 #SUP: 2881
66 36 60 40 29 58 #SUP: 2891
66 36 60 40 29 52 58 #SUP: 2880
66 36 60 40 52 #SUP: 2889
66 36 60 40 52 58 #SUP: 2888
66 36 60 40 58 #SUP: 2899
66 36 60 29 #SUP: 2916
66 36 60 29 52 #SUP: 2905
66 36 60 29 58 #SUP: 2915
66 36 60 29 52 58 #SUP: 2904
66 36 60 52 #SUP: 2913
66 36 60 52 58 #SUP: 2912
66 36 60 58 #SUP: 2923
66 36 40 #SUP: 2900
66 36 40 29 #SUP: 2892
66 36 40 29 52 #SUP: 2881
66 36 40 29 58 #SUP: 2891
66 36 40 29 52 58 #SUP: 2880
66 36 40 52 #SUP: 2889
66 36 40 52 58 #SUP: 2888
66 36 40 58 #SUP: 2899
66 36 29 #SUP: 2916
66 36 29 52 #SUP: 2905
66 36 29 58 #SUP: 2915
66 36 29 52 58 #SUP: 2904
66 36 52 #SUP: 2913
66 36 52 58 #SUP: 2912
66 36 58 #SUP: 2923
66 60 #SUP: 3021
66 60 40 #SUP: 2997
66 60 40 29 #SUP: 2989
66 60 40 29 52 #SUP: 2978
66 60 40 29 58 #SUP: 2988
66 60 40 29 52 58 #SUP: 2977
66 60 40 52 #SUP: 2986
66 60 40 52 58 #SUP: 2985
66 60 40 58 #SUP: 2996
66 60 29 #SUP: 3013
66 60 29 52 #SUP: 3002
66 60 29 58 #SUP: 3012
66 60 29 52 58 #SUP: 3001
66 60 52 #SUP: 3010
66 60 52 58 #SUP: 3009
66 60 58 #SUP: 3020
66 40 #SUP: 2997
66 40 29 #SUP: 2989
66 40 29 52 #SUP: 2978
66 40 29 58 #SUP: 2988
66 40 29 52 58 #SUP: 2977
66 40 52 #SUP: 2986
66 40 52 58 #SUP: 2985
66 40 58 #SUP: 2996
66 29 #SUP: 3013
66 29 52 #SUP: 3002
66 29 58 #SUP: 3012
66 29 52 58 #SUP: 3001
66 52 #SUP: 3010
66 52 58 #SUP: 3009
66 58 #SUP: 3020
34 62 #SUP: 2913
34 62 7 #SUP: 2803
34 62 7 60 #SUP: 2759
34 62 7 60 40 #SUP: 2747
34 62 7 60 40 29 #SUP: 2745
34 62 7 60 40 29 52 #SUP: 2736
34 62 7 60 40 29 58 #SUP: 2745
34 62 7 60 40 29 52 58 #SUP: 2736
34 62 7 60 40 52 #SUP: 2738
34 62 7 60 40 52 58 #SUP: 2738
34 62 7 60 40 58 #SUP: 2747
34 62 7 60 29 #SUP: 2757
34 62 7 60 29 52 #SUP: 2748
34 62 7 60 29 58 #SUP: 2757
34 62 7 60 29 52 58 #SUP: 2748
34 62 7 60 52 #SUP: 2750
34 62 7 60 52 58 #SUP: 2750
34 62 7 60 58 #SUP: 2759
34 62 7 40 #SUP: 2791
34 62 7 40 29 #SUP: 2789
34 62 7 40 29 52 #SUP: 2780
34 62 7 40 29 58 #SUP: 2789
34 62 7 40 29 52 58 #SUP: 2780
34 62 7 40 52 #SUP: 2782
34 62 7 40 52 58 #SUP: 2782
34 62 7 40 58 #SUP: 2791
34 62 7 29 #SUP: 2801
34 62 7 29 52 #SUP: 2792
34 62 7 29 58 #SUP: 2801
34 62 7 29 52 58 #SUP: 2792
34 62 7 52 #SUP: 2794
34 62 7 52 58 #SUP: 2794
34 62 7 58 #SUP: 2803
34 62 36 #SUP: 2816
34 62 36 60 #SUP: 2772
34 62 36 60 40 #SUP: 2760
34 62 36 60 40 29 #SUP: 2756
34 62 36 60 40 29 52 #SUP: 2747
34 62 36 60 40 29 58 #SUP: 2756
34 62 36 60 40 29 52 58 #SUP: 2747
34 62 36 60 40 52 #SUP: 2751
34 62 36 60 40 52 58 #SUP: 2751
34 62 36 60 40 58 #SUP: 2760
34 62 36 60 29 #SUP: 2768
34 62 36 60 29 52 #SUP: 2759
34 62 36 60 29 58 #SUP: 2768
34 62 36 60 29 52 58 #SUP: 2759
34 62 36 60 52 #SUP: 2763
34 62 36 60 52 58 #SUP: 2763
34 62 36 60 58 #SUP: 2772
34 62 36 40 #SUP: 2804
34 62 36 40 29 #SUP: 2800
34 62 36 40 29 52 #SUP: 2791
34 62 36 40 29 58 #SUP: 2800
34 62 36 40 29 52 58 #SUP: 2791
34 62 36 40 52 #SUP: 2795
34 62 36 40 52 58 #SUP: 2795
34 62 36 40 58 #SUP: 2804
34 62 36 29 #SUP: 2812
34 62 36 29 52 #SUP: 2803
34 62 36 29 58 #SUP: 2812
34 62 36 29 52 58 #SUP: 2803
34 62 36 52 #SUP: 2807
34 62 36 52 58 #SUP: 2807
34 62 36 58 #SUP: 2816
34 62 60 #SUP: 2869
34 62 60 40 #SUP: 2857
34 62 60 40 29 #SUP: 2853
34 62 60 40 29 52 #SUP: 2844
34 62 60 40 29 58 #SUP: 2853
34 62 60 40 29 52 58 #SUP: 2844
34 62 60 40 52 #SUP: 2848
34 62 60 40 52 58 #SUP: 2848
34 62 60 40 58 #SUP: 2857
34 62 60 29 #SUP: 2865
34 62 60 29 52 #SUP: 2856
34 62 60 29 58 #SUP: 2865
34 62 60 29 52 58 #SUP: 2856
34 62 60 52 #SUP: 2860
34 62 60 52 58 #SUP: 2860
34 62 60 58 #SUP: 2869
34 62 40 #SUP: 2901
34 62 40 29 #SUP: 2897
34 62 40 29 52 #SUP: 2888
34 62 40 29 58 #SUP: 2897
34 62 40 29 52 58 #SUP: 2888
34 62 40 52 #SUP: 2892
34 62 40 52 58 #SUP: 2892
34 62 40 58 #SUP: 2901
34 62 29 #SUP: 2909
34 62 29 52 #SUP: 2900
34 62 29 58 #SUP: 2909
34 62 29 52 58 #SUP: 2900
34 62 52 #SUP: 2904
34 62 52 58 #SUP: 2904
34 62 58 #SUP: 2913
34 7 #SUP: 2930
34 7 36 #SUP: 2833
34 7 36 60 #SUP: 2788
34 7 36 60 40 #SUP: 2766
34 7 36 60 40 29 #SUP: 2764
34 7 36 60 40 29 52 #SUP: 2755
34 7 36 60 40 29 58 #SUP: 2763
34 7 36 60 40 29 52 58 #SUP: 2754
34 7 36 60 40 52 #SUP: 2757
34 7 36 60 40 52 58 #SUP: 2756
34 7 36 60 40 58 #SUP: 2765
34 7 36 60 29 #SUP: 2786
34 7 36 60 29 52 #SUP: 2777
34 7 36 60 29 58 #SUP: 2785
34 7 36 60 29 52 58 #SUP: 2776
34 7 36 60 52 #SUP: 2779
34 7 36 60 52 58 #SUP: 2778
34 7 36 60 58 #SUP: 2787
34 7 36 40 #SUP: 2810
34 7 36 40 29 #SUP: 2808
34 7 36 40 29 52 #SUP: 2799
34 7 36 40 29 58 #SUP: 2807
34 7 36 40 29 52 58 #SUP: 2798
34 7 36 40 52 #SUP: 2801
34 7 36 40 52 58 #SUP: 2800
34 7 36 40 58 #SUP: 2809
34 7 36 29 #SUP: 2831
34 7 36 29 52 #SUP: 2822
34 7 36 29 58 #SUP: 2830
34 7 36 29 52 58 #SUP: 2821
34 7 36 52 #SUP: 2824
34 7 36 52 58 #SUP: 2823
34 7 36 58 #SUP: 2832
34 7 60 #SUP: 2885
34 7 60 40 #SUP: 2863
34 7 60 40 29 #SUP: 2861
34 7 60 40 29 52 #SUP: 2852
34 7 60 40 29 58 #SUP: 2860
34 7 60 40 29 52 58 #SUP: 2851
34 7 60 40 52 #SUP: 2854
34 7 60 40 52 58 #SUP: 2853
34 7 60 40 58 #SUP: 2862
34 7 60 29 #SUP: 2883
34 7 60 29 52 #SUP: 2874
34 7 60 29 58 #SUP: 2882
34 7 60 29 52 58 #SUP: 2873
34 7 60 52 #SUP: 2876
34 7 60 52 58 #SUP: 2875
34 7 60 58 #SUP: 2884
34 7 40 #SUP: 2907
34 7 40 29 #SUP: 2905
34 7 40 29 52 #SUP: 2896
34 7 40 29 58 #SUP: 2904
34 7 40 29 52 58 #SUP: 2895
34 7 40 52 #SUP: 2898
34 7 40 52 58 #SUP: 2897
34 7 40 58 #SUP: 2906
34 7 29 #SUP: 2928
34 7 29 52 #SUP: 2919
34 7 29 58 #SUP: 2927
34 7 29 52 58 #SUP: 2918
34 7 52 #SUP: 2921
34 7 52 58 #SUP: 2920
34 7 58 #SUP: 2929
34 36 #SUP: 2943
34 36 60 #SUP: 2898
34 36 60 40 #SUP: 2876
34 36 60 40 29 #SUP: 2872
34 36 60 40 29 52 #SUP: 2863
34 36 60 40 29 58 #SUP: 2871
34 36 60 40 29 52 58 #SUP: 2862
34 36 60 40 52 #SUP: 2867
34 36 60 40 52 58 #SUP: 2866
34 36 60 40 58 #SUP: 2875
34 36 60 29 #SUP: 2894
34 36 60 29 52 #SUP: 2885
34 36 60 29 58 #SUP: 2893
34 36 60 29 52 58 #SUP: 2884
34 36 60 52 #SUP: 2889
34 36 60 52 58 #SUP: 2888
34 36 60 58 #SUP: 2897
34 36 40 #SUP: 2920
34 36 40 29 #SUP: 2916
34 36 40 29 52 #SUP: 2907
34 36 40 29 58 #SUP: 2915
34 36 40 29 52 58 #SUP: 2906
34 36 40 52 #SUP: 2911
34 36 40 52 58 #SUP: 2910
34 36 40 58 #SUP: 2919
34 36 29 #SUP: 2939
34 36 29 52 #SUP: 2930
34 36 29 58 #SUP: 2938
34 36 29 52 58 #SUP: 2929
34 36 52 #SUP: 2934
34 36 52 58 #SUP: 2933
34 36 58 #SUP: 2942
34 60 #SUP: 2995
34 60 40 #SUP: 2973
34 60 40 29 #SUP: 2969
34 60 40 29 52 #SUP: 2960
34 60 40 29 58 #SUP: 2968
34 60 40 29 52 58 #SUP: 2959
34 60 40 52 #SUP: 2964
34 60 40 52 58 #SUP: 2963
34 60 40 58 #SUP: 2972
34 60 29 #SUP: 2991
34 60 29 52 #SUP: 2982
34 60 29 58 #SUP: 2990
34 60 29 52 58 #SUP: 2981
34 60 52 #SUP: 2986
34 60 52 58 #SUP: 2985
34 60 58 #SUP: 2994
34 40 #SUP: 3017
34 40 29 #SUP: 3013
34 40 29 52 #SUP: 3004
34 40 29 58 #SUP: 3012
34 40 29 52 58 #SUP: 3003
34 40 52 #SUP: 3008
34 40 52 58 #SUP: 3007
34 40 58 #SUP: 3016
34 29 #SUP: 3036
34 29 52 #SUP: 3027
34 29 58 #SUP: 3035
34 29 52 58 #SUP: 3026
34 52 #SUP: 3031
34 52 58 #SUP: 3030
34 58 #SUP: 3039
62 7 #SUP: 2940
62 7 36 #SUP: 2843
62 7 36 60 #SUP: 2799
62 7 36 60 40 #SUP: 2784
62 7 36 60 40 29 #SUP: 2777
62 7 36 60 40 29 52 #SUP: 2766
62 7 36 60 40 29 58 #SUP: 2777
62 7 36 60 40 29 52 58 #SUP: 2766
62 7 36 60 40 52 #SUP: 2773
62 7 36 60 40 52 58 #SUP: 2773
62 7 36 60 40 58 #SUP: 2784
62 7 36 60 29 #SUP: 2792
62 7 36 60 29 52 #SUP: 2781
62 7 36 60 29 58 #SUP: 2792
62 7 36 60 29 52 58 #SUP: 2781
62 7 36 60 52 #SUP: 2788
62 7 36 60 52 58 #SUP: 2788
62 7 36 60 58 #SUP: 2799
62 7 36 40 #SUP: 2828
62 7 36 40 29 #SUP: 2821
62 7 36 40 29 52 #SUP: 2810
62 7 36 40 29 58 #SUP: 2821
62 7 36 40 29 52 58 #SUP: 2810
62 7 36 40 52 #SUP: 2817
62 7 36 40 52 58 #SUP: 2817
62 7 36 40 58 #SUP: 2828
62 7 36 29 #SUP: 2836
62 7 36 29 52 #SUP: 2825
62 7 36 29 58 #SUP: 2836
62 7 36 29 52 58 #SUP: 2825
62 7 36 52 #SUP: 2832
62 7 36 52 58 #SUP: 2832
62 7 36 58 #SUP: 2843
62 7 60 #SUP: 2896
62 7 60 40 #SUP: 2881
62 7 60 40 29 #SUP: 2874
62 7 60 40 29 52 #SUP: 2863
62 7 60 40 29 58 #SUP: 2874
62 7 60 40 29 52 58 #SUP: 2863
62 7 60 40 52 #SUP: 2870
62 7 60 40 52 58 #SUP: 2870
62 7 60 40 58 #SUP: 2881
62 7 60 29 #SUP: 2889
62 7 60 29 52 #SUP: 2878
62 7 60 29 58 #SUP: 2889
62 7 60 29 52 58 #SUP: 2878
62 7 60 52 #SUP: 2885
62 7 60 52 58 #SUP: 2885
62 7 60 58 #SUP: 2896
62 7 40 #SUP: 2925
62 7 40 29 #SUP: 2918
62 7 40 29 52 #SUP: 2907
62 7 40 29 58 #SUP: 2918
62 7 40 29 52 58 #SUP: 2907
62 7 40 52 #SUP: 2914
62 7 40 52 58 #SUP: 2914
62 7 40 58 #SUP: 2925
62 7 29 #SUP: 2933
62 7 29 52 #SUP: 2922
62 7 29 58 #SUP: 2933
62 7 29 52 58 #SUP: 2922
62 7 52 #SUP: 2929
62 7 52 58 #SUP: 2929
62 7 58 #SUP: 2940
62 36 #SUP: 2963
62 36 60 #SUP: 2917
62 36 60 40 #SUP: 2902
62 36 60 40 29 #SUP: 2889
62 36 60 40 29 52 #SUP: 2878
62 36 60 40 29 58 #SUP: 2889
62 36 60 40 29 52 58 #SUP: 2878
62 36 60 40 52 #SUP: 2891
62 36 60 40 52 58 #SUP: 2891
62 36 60 40 58 #SUP: 2902
62 36 60 29 #SUP: 2904
62 36 60 29 52 #SUP: 2893
62 36 60 29 58 #SUP: 2904
62 36 60 29 52 58 #SUP: 2893
62 36 60 52 #SUP: 2906
62 36 60 52 58 #SUP: 2906
62 36 60 58 #SUP: 2917
62 36 40 #SUP: 2948
62 36 40 29 #SUP: 2933
62 36 40 29 52 #SUP: 2922
62 36 40 29 58 #SUP: 2933
62 36 40 29 52 58 #SUP: 2922
62 36 40 52 #SUP: 2937
62 36 40 52 58 #SUP: 2937
62 36 40 58 #SUP: 2948
62 36 29 #SUP: 2948
62 36 29 52 #SUP: 2937
62 36 29 58 #SUP: 2948
62 36 29 52 58 #SUP: 2937
62 36 52 #SUP: 2952
62 36 52 58 #SUP: 2952
62 36 58 #SUP: 2963
62 60 #SUP: 3014
62 60 40 #SUP: 2999
62 60 40 29 #SUP: 2986
62 60 40 29 52 #SUP: 2975
62 60 40 29 58 #SUP: 2986
62 60 40 29 52 58 #SUP: 2975
62 60 40 52 #SUP: 2988
62 60 40 52 58 #SUP: 2988
62 60 40 58 #SUP: 2999
62 60 29 #SUP: 3001
62 60 29 52 #SUP: 2990
62 60 29 58 #SUP: 3001
62 60 29 52 58 #SUP: 2990
62 60 52 #SUP: 3003
62 60 52 58 #SUP: 3003
62 60 58 #SUP: 3014
62 40 #SUP: 3045
62 40 29 #SUP: 3030
62 40 29 52 #SUP: 3019
62 40 29 58 #SUP: 3030
62 40 29 52 58 #SUP: 3019
62 40 52 #SUP: 3034
62 40 52 58 #SUP: 3034
62 40 58 #SUP: 3045
62 29 #SUP: 3045
62 29 52 #SUP: 3034
62 29 58 #SUP: 3045
62 29 52 58 #SUP: 3034
62 52 #SUP: 3049
62 52 58 #SUP: 3049
62 58 #SUP: 3060
7 36 #SUP: 2979
7 36 60 #SUP: 2934
7 36 60 40 #SUP: 2909
7 36 60 40 29 #SUP: 2902
7 36 60 40 29 52 #SUP: 2891
7 36 60 40 29 58 #SUP: 2901
7 36 60 40 29 52 58 #SUP: 2890
7 36 60 40 52 #SUP: 2898
7 36 60 40 52 58 #SUP: 2897
7 36 60 40 58 #SUP: 2908
7 36 60 29 #SUP: 2927
7 36 60 29 52 #SUP: 2916
7 36 60 29 58 #SUP: 2926
7 36 60 29 52 58 #SUP: 2915
7 36 60 52 #SUP: 2923
7 36 60 52 58 #SUP: 2922
7 36 60 58 #SUP: 2933
7 36 40 #SUP: 2953
7 36 40 29 #SUP: 2946
7 36 40 29 52 #SUP: 2935
7 36 40 29 58 #SUP: 2945
7 36 40 29 52 58 #SUP: 2934
7 36 40 52 #SUP: 2942
7 36 40 52 58 #SUP: 2941
7 36 40 58 #SUP: 2952
7 36 29 #SUP: 2972
7 36 29 52 #SUP: 2961
7 36 29 58 #SUP: 2971
7 36 29 52 58 #SUP: 2960
7 36 52 #SUP: 2968
7 36 52 58 #SUP: 2967
7 36 58 #SUP: 2978
7 60 #SUP: 3031
7 60 40 #SUP: 3006
7 60 40 29 #SUP: 2999
7 60 40 29 52 #SUP: 2988
7 60 40 29 58 #SUP: 2998
7 60 40 29 52 58 #SUP: 2987
7 60 40 52 #SUP: 2995
7 60 40 52 58 #SUP: 2994
7 60 40 58 #SUP: 3005
7 60 29 #SUP: 3024
7 60 29 52 #SUP: 3013
7 60 29 58 #SUP: 3023
7 60 29 52 58 #SUP: 3012
7 60 52 #SUP: 3020
7 60 52 58 #SUP: 3019
7 60 58 #SUP: 3030
7 40 #SUP: 3050
7 40 29 #SUP: 3043
7 40 29 52 #SUP: 3032
7 40 29 58 #SUP: 3042
7 40 29 52 58 #SUP: 3031
7 40 52 #SUP: 3039
7 40 52 58 #SUP: 3038
7 40 58 #SUP: 3049
7 29 #SUP: 3069
7 29 52 #SUP: 3058
7 29 58 #SUP: 3068
7 29 52 58 #SUP: 3057
7 52 #SUP: 3065
7 52 58 #SUP: 3064
7 58 #SUP: 3075
36 60 #SUP: 3052
36 60 40 #SUP: 3027
36 60 40 29 #SUP: 3014
36 60 40 29 52 #SUP: 3003
36 60 40 29 58 #SUP: 3013
36 60 40 29 52 58 #SUP: 3002
36 60 40 52 #SUP: 3016
36 60 40 52 58 #SUP: 3015
36 60 40 58 #SUP: 3026
36 60 29 #SUP: 3039
36 60 29 52 #SUP: 3028
36 60 29 58 #SUP: 3038
36 60 29 52 58 #SUP: 3027
36 60 52 #SUP: 3041
36 60 52 58 #SUP: 3040
36 60 58 #SUP: 3051
36 40 #SUP: 3073
36 40 29 #SUP: 3058
36 40 29 52 #SUP: 3047
36 40 29 58 #SUP: 3057
36 40 29 52 58 #SUP: 3046
36 40 52 #SUP: 3062
36 40 52 58 #SUP: 3061
36 40 58 #SUP: 3072
36 29 #SUP: 3084
36 29 52 #SUP: 3073
36 29 58 #SUP: 3083
36 29 52 58 #SUP: 3072
36 52 #SUP: 3088
36 52 58 #SUP: 3087
36 58 #SUP: 3098
60 40 #SUP: 3124
60 40 29 #SUP: 3111
60 40 29 52 #SUP: 3100
60 40 29 58 #SUP: 3110
60 40 29 52 58 #SUP: 3099
60 40 52 #SUP: 3113
60 40 52 58 #SUP: 3112
60 40 58 #SUP: 3123
60 29 #SUP: 3136
60 29 52 #SUP: 3125
60 29 58 #SUP: 3135
60 29 52 58 #SUP: 3124
60 52 #SUP: 3138
60 52 58 #SUP: 3137
60 58 #SUP: 3148
40 29 #SUP: 3155
40 29 52 #SUP: 3144
40 29 58 #SUP: 3154
40 29 52 58 #SUP: 3143
40 52 #SUP: 3159
40 52 58 #SUP: 3158
40 58 #SUP: 3169
29 52 #SUP: 3170
29 58 #SUP: 3180
29 52 58 #SUP: 3169
52 58 #SUP: 3184
