1 #SUP: 234704
8 #SUP: 239061
12 #SUP: 339601
14 #SUP: 215464
15 #SUP: 272918
16 #SUP: 332414
17 #SUP: 340151
18 #SUP: 339095
21 #SUP: 302446
22 #SUP: 230180
24 #SUP: 274213
25 #SUP: 258434
27 #SUP: 284036
28 #SUP: 270565
29 #SUP: 299191
31 #SUP: 318014
38 #SUP: 210629
41 #SUP: 264597
43 #SUP: 291396
59 #SUP: 246294
63 #SUP: 220658
38 16 #SUP: 205764
38 16 18 #SUP: 205313
38 16 18 12 #SUP: 205227
38 16 18 17 #SUP: 205297
38 16 18 12 17 #SUP: 205211
38 16 12 #SUP: 205634
38 16 12 17 #SUP: 205618
38 16 17 #SUP: 205748
38 18 #SUP: 209987
38 18 12 #SUP: 209893
38 18 17 #SUP: 209971
38 18 12 17 #SUP: 209877
38 12 #SUP: 210304
38 12 17 #SUP: 210288
38 17 #SUP: 210613
14 16 #SUP: 214280
14 16 18 #SUP: 214080
14 16 18 12 #SUP: 214026
14 16 18 17 #SUP: 214072
14 16 18 12 17 #SUP: 214018
14 16 12 #SUP: 214146
14 16 12 17 #SUP: 214138
14 16 17 #SUP: 214272
14 18 #SUP: 215244
14 18 12 #SUP: 215184
14 18 17 #SUP: 215236
14 18 12 17 #SUP: 215176
14 12 #SUP: 215304
14 12 17 #SUP: 215296
14 17 #SUP: 215456
63 31 #SUP: 206292
63 31 18 #SUP: 205681
63 31 18 12 #SUP: 205589
63 31 18 17 #SUP: 205660
63 31 18 12 17 #SUP: 205568
63 31 12 #SUP: 205985
63 31 12 17 #SUP: 205964
63 31 17 #SUP: 206271
63 16 #SUP: 215253
63 16 18 #SUP: 214747
63 16 18 12 #SUP: 214648
63 16 18 17 #SUP: 214721
63 16 18 12 17 #SUP: 214622
63 16 12 #SUP: 215103
63 16 12 17 #SUP: 215077
63 16 17 #SUP: 215227
63 18 #SUP: 219953
63 18 12 #SUP: 219839
63 18 17 #SUP: 219927
63 18 12 17 #SUP: 219813
63 12 #SUP: 220294
63 12 17 #SUP: 220268
63 17 #SUP: 220632
22 31 #SUP: 219339
22 31 16 #SUP: 215882
22 31 16 18 #SUP: 215491
22 31 16 18 12 #SUP: 215410
22 31 16 18 17 #SUP: 215476
22 31 16 18 12 17 #SUP: 215395
22 31 16 12 #SUP: 215801
22 31 16 12 17 #SUP: 215786
22 31 16 17 #SUP: 215867
22 31 18 #SUP: 218946
22 31 18 12 #SUP: 218857
22 31 18 17 #SUP: 218931
22 31 18 12 17 #SUP: 218842
22 31 12 #SUP: 219250
22 31 12 17 #SUP: 219235
22 31 17 #SUP: 219324
22 16 #SUP: 225910
22 16 18 #SUP: 225478
22 16 18 12 #SUP: 225386
22 16 18 17 #SUP: 225458
22 16 18 12 17 #SUP: 225366
22 16 12 #SUP: 225818
22 16 12 17 #SUP: 225798
22 16 17 #SUP: 225890
22 18 #SUP: 229746
22 18 12 #SUP: 229643
22 18 17 #SUP: 229726
22 18 12 17 #SUP: 229623
22 12 #SUP: 230077
22 12 17 #SUP: 230057
22 17 #SUP: 230160
1 21 #SUP: 207583
1 21 16 #SUP: 204125
1 21 18 #SUP: 207101
1 21 18 12 #SUP: 207005
1 21 18 17 #SUP: 207085
1 21 18 12 17 #SUP: 206989
1 21 12 #SUP: 207383
1 21 12 17 #SUP: 207367
1 21 17 #SUP: 207567
1 31 #SUP: 226026
1 31 16 #SUP: 222867
1 31 16 18 #SUP: 222473
1 31 16 18 12 #SUP: 222389
1 31 16 18 17 #SUP: 222458
1 31 16 18 12 17 #SUP: 222374
1 31 16 12 #SUP: 222761
1 31 16 12 17 #SUP: 222746
1 31 16 17 #SUP: 222852
1 31 18 #SUP: 225577
1 31 18 12 #SUP: 225487
1 31 18 17 #SUP: 225562
1 31 18 12 17 #SUP: 225472
1 31 12 #SUP: 225861
1 31 12 17 #SUP: 225846
1 31 17 #SUP: 226011
1 16 #SUP: 230898
1 16 18 #SUP: 230439
1 16 18 12 #SUP: 230344
1 16 18 17 #SUP: 230422
1 16 18 12 17 #SUP: 230327
1 16 12 #SUP: 230754
1 16 12 17 #SUP: 230737
1 16 17 #SUP: 230881
1 18 #SUP: 234154
1 18 12 #SUP: 234049
1 18 17 #SUP: 234137
1 18 12 17 #SUP: 234032
1 12 #SUP: 234461
1 12 17 #SUP: 234444
1 17 #SUP: 234687
8 24 #SUP: 236502
8 24 43 #SUP: 204208
8 24 43 17 #SUP: 204189
8 24 29 #SUP: 209523
8 24 29 16 #SUP: 204518
8 24 29 16 12 #SUP: 204363
8 24 29 16 17 #SUP: 204498
8 24 29 16 12 17 #SUP: 204343
8 24 29 18 #SUP: 208829
8 24 29 18 12 #SUP: 208721
8 24 29 18 17 #SUP: 208809
8 24 29 18 12 17 #SUP: 208701
8 24 29 12 #SUP: 209173
8 24 29 12 17 #SUP: 209153
8 24 29 17 #SUP: 209503
8 24 21 #SUP: 207173
8 24 21 18 #SUP: 206508
8 24 21 18 12 #SUP: 206395
8 24 21 18 17 #SUP: 206489
8 24 21 18 12 17 #SUP: 206376
8 24 21 12 #SUP: 206827
8 24 21 12 17 #SUP: 206808
8 24 21 17 #SUP: 207154
8 24 31 #SUP: 221968
8 24 31 16 #SUP: 217919
8 24 31 16 18 #SUP: 217467
8 24 31 16 18 12 #SUP: 217373
8 24 31 16 18 17 #SUP: 217452
8 24 31 16 18 12 17 #SUP: 217358
8 24 31 16 12 #SUP: 217780
8 24 31 16 12 17 #SUP: 217765
8 24 31 16 17 #SUP: 217904
8 24 31 18 #SUP: 221325
8 24 31 18 12 #SUP: 221225
8 24 31 18 17 #SUP: 221310
8 24 31 18 12 17 #SUP: 221210
8 24 31 12 #SUP: 221633
8 24 31 12 17 #SUP: 221618
8 24 31 17 #SUP: 221953
8 24 16 #SUP: 231143
8 24 16 18 #SUP: 230602
8 24 16 18 12 #SUP: 230490
8 24 16 18 17 #SUP: 230582
8 24 16 18 12 17 #SUP: 230470
8 24 16 12 #SUP: 230965
8 24 16 12 17 #SUP: 230945
8 24 16 17 #SUP: 231123
8 24 18 #SUP: 235747
8 24 18 12 #SUP: 235624
8 24 18 17 #SUP: 235727
8 24 18 12 17 #SUP: 235604
8 24 12 #SUP: 236101
8 24 12 17 #SUP: 236081
8 24 17 #SUP: 236482
8 43 #SUP: 206345
8 43 18 #SUP: 205707
8 43 18 12 #SUP: 205598
8 43 18 17 #SUP: 205688
8 43 18 12 17 #SUP: 205579
8 43 12 #SUP: 205999
8 43 12 17 #SUP: 205980
8 43 17 #SUP: 206326
8 29 #SUP: 211783
8 29 16 #SUP: 206679
8 29 16 18 #SUP: 206162
8 29 16 18 12 #SUP: 206064
8 29 16 18 17 #SUP: 206142
8 29 16 18 12 17 #SUP: 206044
8 29 16 12 #SUP: 206522
8 29 16 12 17 #SUP: 206502
8 29 16 17 #SUP: 206659
8 29 18 #SUP: 211078
8 29 18 12 #SUP: 210970
8 29 18 17 #SUP: 211058
8 29 18 12 17 #SUP: 210950
8 29 12 #SUP: 211430
8 29 12 17 #SUP: 211410
8 29 17 #SUP: 211763
8 21 #SUP: 209395
8 21 16 #SUP: 204466
8 21 16 12 #SUP: 204310
8 21 16 17 #SUP: 204447
8 21 16 12 17 #SUP: 204291
8 21 18 #SUP: 208719
8 21 18 12 #SUP: 208606
8 21 18 17 #SUP: 208700
8 21 18 12 17 #SUP: 208587
8 21 12 #SUP: 209046
8 21 12 17 #SUP: 209027
8 21 17 #SUP: 209376
8 31 #SUP: 224236
8 31 16 #SUP: 220115
8 31 16 18 #SUP: 219657
8 31 16 18 12 #SUP: 219563
8 31 16 18 17 #SUP: 219642
8 31 16 18 12 17 #SUP: 219548
8 31 16 12 #SUP: 219975
8 31 16 12 17 #SUP: 219960
8 31 16 17 #SUP: 220100
8 31 18 #SUP: 223586
8 31 18 12 #SUP: 223486
8 31 18 17 #SUP: 223571
8 31 18 12 17 #SUP: 223471
8 31 12 #SUP: 223899
8 31 12 17 #SUP: 223884
8 31 17 #SUP: 224221
8 16 #SUP: 233600
8 16 18 #SUP: 233049
8 16 18 12 #SUP: 232937
8 16 18 17 #SUP: 233029
8 16 18 12 17 #SUP: 232917
8 16 12 #SUP: 233420
8 16 12 17 #SUP: 233400
8 16 17 #SUP: 233580
8 18 #SUP: 238295
8 18 12 #SUP: 238172
8 18 17 #SUP: 238275
8 18 12 17 #SUP: 238152
8 12 #SUP: 238657
8 12 17 #SUP: 238637
8 17 #SUP: 239041
59 41 #SUP: 216707
59 41 31 #SUP: 211830
59 41 31 16 #SUP: 208529
59 41 31 16 18 #SUP: 208126
59 41 31 16 18 12 #SUP: 208090
59 41 31 16 18 17 #SUP: 208107
59 41 31 16 18 12 17 #SUP: 208071
59 41 31 16 12 #SUP: 208492
59 41 31 16 12 17 #SUP: 208473
59 41 31 16 17 #SUP: 208510
59 41 31 18 #SUP: 211422
59 41 31 18 12 #SUP: 211383
59 41 31 18 17 #SUP: 211403
59 41 31 18 12 17 #SUP: 211364
59 41 31 12 #SUP: 211787
59 41 31 12 17 #SUP: 211768
59 41 31 17 #SUP: 211811
59 41 16 #SUP: 213163
59 41 16 18 #SUP: 212737
59 41 16 18 12 #SUP: 212700
59 41 16 18 17 #SUP: 212716
59 41 16 18 12 17 #SUP: 212679
59 41 16 12 #SUP: 213125
59 41 16 12 17 #SUP: 213104
59 41 16 17 #SUP: 213142
59 41 18 #SUP: 216276
59 41 18 12 #SUP: 216236
59 41 18 17 #SUP: 216255
59 41 18 12 17 #SUP: 216215
59 41 12 #SUP: 216663
59 41 12 17 #SUP: 216642
59 41 17 #SUP: 216686
59 27 #SUP: 211596
59 27 31 #SUP: 206677
59 27 31 18 #SUP: 206336
59 27 31 18 12 #SUP: 206291
59 27 31 18 17 #SUP: 206320
59 27 31 18 12 17 #SUP: 206275
59 27 31 12 #SUP: 206625
59 27 31 12 17 #SUP: 206609
59 27 31 17 #SUP: 206661
59 27 16 #SUP: 208569
59 27 16 18 #SUP: 208209
59 27 16 18 12 #SUP: 208167
59 27 16 18 17 #SUP: 208191
59 27 16 18 12 17 #SUP: 208149
59 27 16 12 #SUP: 208526
59 27 16 12 17 #SUP: 208508
59 27 16 17 #SUP: 208551
59 27 18 #SUP: 211229
59 27 18 12 #SUP: 211183
59 27 18 17 #SUP: 211211
59 27 18 12 17 #SUP: 211165
59 27 12 #SUP: 211543
59 27 12 17 #SUP: 211525
59 27 17 #SUP: 211578
59 43 #SUP: 219408
59 43 31 #SUP: 214038
59 43 31 16 #SUP: 210952
59 43 31 16 18 #SUP: 210576
59 43 31 16 18 12 #SUP: 210529
59 43 31 16 18 17 #SUP: 210557
59 43 31 16 18 12 17 #SUP: 210510
59 43 31 16 12 #SUP: 210904
59 43 31 16 12 17 #SUP: 210885
59 43 31 16 17 #SUP: 210933
59 43 31 18 #SUP: 213657
59 43 31 18 12 #SUP: 213605
59 43 31 18 17 #SUP: 213638
59 43 31 18 12 17 #SUP: 213586
59 43 31 12 #SUP: 213982
59 43 31 12 17 #SUP: 213963
59 43 31 17 #SUP: 214019
59 43 16 #SUP: 216068
59 43 16 18 #SUP: 215669
59 43 16 18 12 #SUP: 215621
59 43 16 18 17 #SUP: 215648
59 43 16 18 12 17 #SUP: 215600
59 43 16 12 #SUP: 216019
59 43 16 12 17 #SUP: 215998
59 43 16 17 #SUP: 216047
59 43 18 #SUP: 219004
59 43 18 12 #SUP: 218951
59 43 18 17 #SUP: 218983
59 43 18 12 17 #SUP: 218930
59 43 12 #SUP: 219351
59 43 12 17 #SUP: 219330
59 43 17 #SUP: 219387
59 29 #SUP: 219779
59 29 31 #SUP: 214594
59 29 31 16 #SUP: 211064
59 29 31 16 18 #SUP: 210652
59 29 31 16 18 12 #SUP: 210604
59 29 31 16 18 17 #SUP: 210633
59 29 31 16 18 12 17 #SUP: 210585
59 29 31 16 12 #SUP: 211015
59 29 31 16 12 17 #SUP: 210996
59 29 31 16 17 #SUP: 211045
59 29 31 18 #SUP: 214175
59 29 31 18 12 #SUP: 214120
59 29 31 18 17 #SUP: 214156
59 29 31 18 12 17 #SUP: 214101
59 29 31 12 #SUP: 214533
59 29 31 12 17 #SUP: 214514
59 29 31 17 #SUP: 214575
59 29 16 #SUP: 215958
59 29 16 18 #SUP: 215518
59 29 16 18 12 #SUP: 215469
59 29 16 18 17 #SUP: 215497
59 29 16 18 12 17 #SUP: 215448
59 29 16 12 #SUP: 215908
59 29 16 12 17 #SUP: 215887
59 29 16 17 #SUP: 215937
59 29 18 #SUP: 219332
59 29 18 12 #SUP: 219276
59 29 18 17 #SUP: 219311
59 29 18 12 17 #SUP: 219255
59 29 12 #SUP: 219717
59 29 12 17 #SUP: 219696
59 29 17 #SUP: 219758
59 21 #SUP: 222618
59 21 31 #SUP: 217973
59 21 31 16 #SUP: 214528
59 21 31 16 18 #SUP: 214124
59 21 31 16 18 12 #SUP: 214075
59 21 31 16 18 17 #SUP: 214105
59 21 31 16 18 12 17 #SUP: 214056
59 21 31 16 12 #SUP: 214478
59 21 31 16 12 17 #SUP: 214459
59 21 31 16 17 #SUP: 214509
59 21 31 18 #SUP: 217561
59 21 31 18 12 #SUP: 217505
59 21 31 18 17 #SUP: 217542
59 21 31 18 12 17 #SUP: 217486
59 21 31 12 #SUP: 217910
59 21 31 12 17 #SUP: 217891
59 21 31 17 #SUP: 217954
59 21 16 #SUP: 218899
59 21 16 18 #SUP: 218469
59 21 16 18 12 #SUP: 218419
59 21 16 18 17 #SUP: 218448
59 21 16 18 12 17 #SUP: 218398
59 21 16 12 #SUP: 218848
59 21 16 12 17 #SUP: 218827
59 21 16 17 #SUP: 218878
59 21 18 #SUP: 222180
59 21 18 12 #SUP: 222123
59 21 18 17 #SUP: 222159
59 21 18 12 17 #SUP: 222102
59 21 12 #SUP: 222554
59 21 12 17 #SUP: 222533
59 21 17 #SUP: 222597
59 31 #SUP: 240296
59 31 16 #SUP: 236642
59 31 16 18 #SUP: 236209
59 31 16 18 12 #SUP: 236158
59 31 16 18 17 #SUP: 236190
59 31 16 18 12 17 #SUP: 236139
59 31 16 12 #SUP: 236590
59 31 16 12 17 #SUP: 236571
59 31 16 17 #SUP: 236623
59 31 18 #SUP: 239855
59 31 18 12 #SUP: 239797
59 31 18 17 #SUP: 239836
59 31 18 12 17 #SUP: 239778
59 31 12 #SUP: 240231
59 31 12 17 #SUP: 240212
59 31 17 #SUP: 240277
59 16 #SUP: 242341
59 16 18 #SUP: 241880
59 16 18 12 #SUP: 241828
59 16 18 17 #SUP: 241859
59 16 18 12 17 #SUP: 241807
59 16 12 #SUP: 242288
59 16 12 17 #SUP: 242267
59 16 17 #SUP: 242320
59 18 #SUP: 245825
59 18 12 #SUP: 245766
59 18 17 #SUP: 245804
59 18 12 17 #SUP: 245745
59 12 #SUP: 246228
59 12 17 #SUP: 246207
59 17 #SUP: 246273
25 28 #SUP: 212839
25 28 16 #SUP: 207502
25 28 16 18 #SUP: 206919
25 28 16 18 12 #SUP: 206840
25 28 16 18 17 #SUP: 206896
25 28 16 18 12 17 #SUP: 206817
25 28 16 12 #SUP: 207355
25 28 16 12 17 #SUP: 207332
25 28 16 17 #SUP: 207479
25 28 18 #SUP: 212030
25 28 18 12 #SUP: 211941
25 28 18 17 #SUP: 212007
25 28 18 12 17 #SUP: 211918
25 28 12 #SUP: 212456
25 28 12 17 #SUP: 212433
25 28 17 #SUP: 212816
25 15 #SUP: 209368
25 15 16 #SUP: 204238
25 15 16 17 #SUP: 204212
25 15 18 #SUP: 208463
25 15 18 12 #SUP: 208367
25 15 18 17 #SUP: 208437
25 15 18 12 17 #SUP: 208341
25 15 12 #SUP: 208864
25 15 12 17 #SUP: 208838
25 15 17 #SUP: 209342
25 24 #SUP: 211052
25 24 16 #SUP: 206543
25 24 16 18 #SUP: 206035
25 24 16 18 12 #SUP: 205928
25 24 16 18 17 #SUP: 206018
25 24 16 18 12 17 #SUP: 205911
25 24 16 12 #SUP: 206367
25 24 16 12 17 #SUP: 206350
25 24 16 17 #SUP: 206526
25 24 18 #SUP: 210299
25 24 18 12 #SUP: 210183
25 24 18 17 #SUP: 210282
25 24 18 12 17 #SUP: 210166
25 24 12 #SUP: 210622
25 24 12 17 #SUP: 210605
25 24 17 #SUP: 211035
25 27 #SUP: 208081
25 27 18 #SUP: 207371
25 27 18 12 #SUP: 207266
25 27 18 17 #SUP: 207349
25 27 18 12 17 #SUP: 207244
25 27 12 #SUP: 207649
25 27 12 17 #SUP: 207627
25 27 17 #SUP: 208059
25 43 #SUP: 224947
25 43 31 #SUP: 210002
25 43 31 16 #SUP: 206568
25 43 31 16 18 #SUP: 206137
25 43 31 16 18 12 #SUP: 206043
25 43 31 16 18 17 #SUP: 206117
25 43 31 16 18 12 17 #SUP: 206023
25 43 31 16 12 #SUP: 206422
25 43 31 16 12 17 #SUP: 206402
25 43 31 16 17 #SUP: 206548
25 43 31 18 #SUP: 209338
25 43 31 18 12 #SUP: 209237
25 43 31 18 17 #SUP: 209318
25 43 31 18 12 17 #SUP: 209217
25 43 31 12 #SUP: 209616
25 43 31 12 17 #SUP: 209596
25 43 31 17 #SUP: 209982
25 43 16 #SUP: 220450
25 43 16 18 #SUP: 219939
25 43 16 18 12 #SUP: 219824
25 43 16 18 17 #SUP: 219915
25 43 16 18 12 17 #SUP: 219800
25 43 16 12 #SUP: 220259
25 43 16 12 17 #SUP: 220235
25 43 16 17 #SUP: 220426
25 43 18 #SUP: 224167
25 43 18 12 #SUP: 224042
25 43 18 17 #SUP: 224143
25 43 18 12 17 #SUP: 224018
25 43 12 #SUP: 224477
25 43 12 17 #SUP: 224453
25 43 17 #SUP: 224923
25 29 #SUP: 224211
25 29 31 #SUP: 208504
25 29 31 16 #SUP: 204641
25 29 31 16 18 #SUP: 204158
25 29 31 16 18 17 #SUP: 204137
25 29 31 16 12 #SUP: 204491
25 29 31 16 12 17 #SUP: 204470
25 29 31 16 17 #SUP: 204620
25 29 31 18 #SUP: 207786
25 29 31 18 12 #SUP: 207682
25 29 31 18 17 #SUP: 207765
25 29 31 18 12 17 #SUP: 207661
25 29 31 12 #SUP: 208110
25 29 31 12 17 #SUP: 208089
25 29 31 17 #SUP: 208483
25 29 16 #SUP: 219120
25 29 16 18 #SUP: 218548
25 29 16 18 12 #SUP: 218432
25 29 16 18 17 #SUP: 218522
25 29 16 18 12 17 #SUP: 218406
25 29 16 12 #SUP: 218925
25 29 16 12 17 #SUP: 218899
25 29 16 17 #SUP: 219094
25 29 18 #SUP: 223363
25 29 18 12 #SUP: 223236
25 29 18 17 #SUP: 223337
25 29 18 12 17 #SUP: 223210
25 29 12 #SUP: 223729
25 29 12 17 #SUP: 223703
25 29 17 #SUP: 224185
25 21 #SUP: 224117
25 21 31 #SUP: 209643
25 21 31 16 #SUP: 205870
25 21 31 16 18 #SUP: 205407
25 21 31 16 18 12 #SUP: 205309
25 21 31 16 18 17 #SUP: 205387
25 21 31 16 18 12 17 #SUP: 205289
25 21 31 16 12 #SUP: 205717
25 21 31 16 12 17 #SUP: 205697
25 21 31 16 17 #SUP: 205850
25 21 31 18 #SUP: 208942
25 21 31 18 12 #SUP: 208835
25 21 31 18 17 #SUP: 208922
25 21 31 18 12 17 #SUP: 208815
25 21 31 12 #SUP: 209243
25 21 31 12 17 #SUP: 209223
25 21 31 17 #SUP: 209623
25 21 16 #SUP: 219173
25 21 16 18 #SUP: 218631
25 21 16 18 12 #SUP: 218511
25 21 16 18 17 #SUP: 218606
25 21 16 18 12 17 #SUP: 218486
25 21 16 12 #SUP: 218982
25 21 16 12 17 #SUP: 218957
25 21 16 17 #SUP: 219148
25 21 18 #SUP: 223300
25 21 18 12 #SUP: 223169
25 21 18 17 #SUP: 223275
25 21 18 12 17 #SUP: 223144
25 21 12 #SUP: 223640
25 21 12 17 #SUP: 223615
25 21 17 #SUP: 224092
25 31 #SUP: 240490
25 31 16 #SUP: 236378
25 31 16 18 #SUP: 235862
25 31 16 18 12 #SUP: 235753
25 31 16 18 17 #SUP: 235841
25 31 16 18 12 17 #SUP: 235732
25 31 16 12 #SUP: 236206
25 31 16 12 17 #SUP: 236185
25 31 16 17 #SUP: 236357
25 31 18 #SUP: 239702
25 31 18 12 #SUP: 239584
25 31 18 17 #SUP: 239681
25 31 18 12 17 #SUP: 239563
25 31 12 #SUP: 240037
25 31 12 17 #SUP: 240016
25 31 17 #SUP: 240469
25 16 #SUP: 252960
25 16 18 #SUP: 252345
25 16 18 12 #SUP: 252213
25 16 18 17 #SUP: 252319
25 16 18 12 17 #SUP: 252187
25 16 12 #SUP: 252737
25 16 12 17 #SUP: 252711
25 16 17 #SUP: 252934
25 18 #SUP: 257502
25 18 12 #SUP: 257358
25 18 17 #SUP: 257476
25 18 12 17 #SUP: 257332
25 12 #SUP: 257882
25 12 17 #SUP: 257856
25 17 #SUP: 258408
41 28 #SUP: 215060
41 28 31 #SUP: 208126
41 28 31 18 #SUP: 207483
41 28 31 18 12 #SUP: 207429
41 28 31 18 17 #SUP: 207463
41 28 31 18 12 17 #SUP: 207409
41 28 31 12 #SUP: 207885
41 28 31 12 17 #SUP: 207865
41 28 31 17 #SUP: 208106
41 28 16 #SUP: 210254
41 28 16 18 #SUP: 209718
41 28 16 18 12 #SUP: 209664
41 28 16 18 17 #SUP: 209695
41 28 16 18 12 17 #SUP: 209641
41 28 16 12 #SUP: 210163
41 28 16 12 17 #SUP: 210140
41 28 16 17 #SUP: 210231
41 28 18 #SUP: 214362
41 28 18 12 #SUP: 214304
41 28 18 17 #SUP: 214339
41 28 18 12 17 #SUP: 214281
41 28 12 #SUP: 214807
41 28 12 17 #SUP: 214784
41 28 17 #SUP: 215037
41 15 #SUP: 215555
41 15 31 #SUP: 208853
41 15 31 16 #SUP: 205577
41 15 31 16 18 #SUP: 205121
41 15 31 16 18 12 #SUP: 205073
41 15 31 16 18 17 #SUP: 205100
41 15 31 16 18 12 17 #SUP: 205052
41 15 31 16 12 #SUP: 205483
41 15 31 16 12 17 #SUP: 205462
41 15 31 16 17 #SUP: 205556
41 15 31 18 #SUP: 208181
41 15 31 18 12 #SUP: 208130
41 15 31 18 17 #SUP: 208160
41 15 31 18 12 17 #SUP: 208109
41 15 31 12 #SUP: 208542
41 15 31 12 17 #SUP: 208521
41 15 31 17 #SUP: 208832
41 15 16 #SUP: 211801
41 15 16 18 #SUP: 211308
41 15 16 18 12 #SUP: 211258
41 15 16 18 17 #SUP: 211284
41 15 16 18 12 17 #SUP: 211234
41 15 16 12 #SUP: 211700
41 15 16 12 17 #SUP: 211676
41 15 16 17 #SUP: 211777
41 15 18 #SUP: 214837
41 15 18 12 #SUP: 214783
41 15 18 17 #SUP: 214813
41 15 18 12 17 #SUP: 214759
41 15 12 #SUP: 215228
41 15 12 17 #SUP: 215204
41 15 17 #SUP: 215531
41 24 #SUP: 214152
41 24 31 #SUP: 207384
41 24 31 18 #SUP: 206772
41 24 31 18 12 #SUP: 206711
41 24 31 18 17 #SUP: 206757
41 24 31 18 12 17 #SUP: 206696
41 24 31 12 #SUP: 207108
41 24 31 12 17 #SUP: 207093
41 24 31 17 #SUP: 207369
41 24 16 #SUP: 209959
41 24 16 18 #SUP: 209490
41 24 16 18 12 #SUP: 209428
41 24 16 18 17 #SUP: 209472
41 24 16 18 12 17 #SUP: 209410
41 24 16 12 #SUP: 209856
41 24 16 12 17 #SUP: 209838
41 24 16 17 #SUP: 209941
41 24 18 #SUP: 213498
41 24 18 12 #SUP: 213431
41 24 18 17 #SUP: 213480
41 24 18 12 17 #SUP: 213413
41 24 12 #SUP: 213863
41 24 12 17 #SUP: 213845
41 24 17 #SUP: 214134
41 27 #SUP: 223549
41 27 21 #SUP: 214774
41 27 21 31 #SUP: 208561
41 27 21 31 16 #SUP: 205209
41 27 21 31 16 18 #SUP: 204821
41 27 21 31 16 18 12 #SUP: 204771
41 27 21 31 16 18 17 #SUP: 204802
41 27 21 31 16 18 12 17 #SUP: 204752
41 27 21 31 16 12 #SUP: 205127
41 27 21 31 16 12 17 #SUP: 205108
41 27 21 31 16 17 #SUP: 205190
41 27 21 31 18 #SUP: 207993
41 27 21 31 18 12 #SUP: 207939
41 27 21 31 18 17 #SUP: 207974
41 27 21 31 18 12 17 #SUP: 207920
41 27 21 31 12 #SUP: 208298
41 27 21 31 12 17 #SUP: 208279
41 27 21 31 17 #SUP: 208542
41 27 21 16 #SUP: 210924
41 27 21 16 18 #SUP: 210499
41 27 21 16 18 12 #SUP: 210445
41 27 21 16 18 17 #SUP: 210477
41 27 21 16 18 12 17 #SUP: 210423
41 27 21 16 12 #SUP: 210837
41 27 21 16 12 17 #SUP: 210815
41 27 21 16 17 #SUP: 210902
41 27 21 18 #SUP: 214164
41 27 21 18 12 #SUP: 214106
41 27 21 18 17 #SUP: 214142
41 27 21 18 12 17 #SUP: 214084
41 27 21 12 #SUP: 214502
41 27 21 12 17 #SUP: 214480
41 27 21 17 #SUP: 214752
41 27 31 #SUP: 216648
41 27 31 16 #SUP: 213200
41 27 31 16 18 #SUP: 212801
41 27 31 16 18 12 #SUP: 212749
41 27 31 16 18 17 #SUP: 212782
41 27 31 16 18 12 17 #SUP: 212730
41 27 31 16 12 #SUP: 213116
41 27 31 16 12 17 #SUP: 213097
41 27 31 16 17 #SUP: 213181
41 27 31 18 #SUP: 216062
41 27 31 18 12 #SUP: 216006
41 27 31 18 17 #SUP: 216043
41 27 31 18 12 17 #SUP: 215987
41 27 31 12 #SUP: 216376
41 27 31 12 17 #SUP: 216357
41 27 31 17 #SUP: 216629
41 27 16 #SUP: 219573
41 27 16 18 #SUP: 219135
41 27 16 18 12 #SUP: 219079
41 27 16 18 17 #SUP: 219113
41 27 16 18 12 17 #SUP: 219057
41 27 16 12 #SUP: 219484
41 27 16 12 17 #SUP: 219462
41 27 16 17 #SUP: 219551
41 27 18 #SUP: 222918
41 27 18 12 #SUP: 222857
41 27 18 17 #SUP: 222896
41 27 18 12 17 #SUP: 222835
41 27 12 #SUP: 223266
41 27 12 17 #SUP: 223244
41 27 17 #SUP: 223527
41 43 #SUP: 229618
41 43 21 #SUP: 204278
41 43 21 17 #SUP: 204254
41 43 31 #SUP: 221809
41 43 31 16 #SUP: 218188
41 43 31 16 18 #SUP: 217741
41 43 31 16 18 12 #SUP: 217678
41 43 31 16 18 17 #SUP: 217720
41 43 31 16 18 12 17 #SUP: 217657
41 43 31 16 12 #SUP: 218088
41 43 31 16 12 17 #SUP: 218067
41 43 31 16 17 #SUP: 218167
41 43 31 18 #SUP: 221173
41 43 31 18 12 #SUP: 221107
41 43 31 18 17 #SUP: 221152
41 43 31 18 12 17 #SUP: 221086
41 43 31 12 #SUP: 221520
41 43 31 12 17 #SUP: 221499
41 43 31 17 #SUP: 221788
41 43 16 #SUP: 225458
41 43 16 18 #SUP: 224968
41 43 16 18 12 #SUP: 224901
41 43 16 18 17 #SUP: 224944
41 43 16 18 12 17 #SUP: 224877
41 43 16 12 #SUP: 225349
41 43 16 12 17 #SUP: 225325
41 43 16 17 #SUP: 225434
41 43 18 #SUP: 228933
41 43 18 12 #SUP: 228862
41 43 18 17 #SUP: 228909
41 43 18 12 17 #SUP: 228838
41 43 12 #SUP: 229313
41 43 12 17 #SUP: 229289
41 43 17 #SUP: 229594
41 29 #SUP: 235808
41 29 21 #SUP: 212694
41 29 21 31 #SUP: 206458
41 29 21 31 18 #SUP: 205827
41 29 21 31 18 12 #SUP: 205760
41 29 21 31 18 17 #SUP: 205805
41 29 21 31 18 12 17 #SUP: 205738
41 29 21 31 12 #SUP: 206184
41 29 21 31 12 17 #SUP: 206162
41 29 21 31 17 #SUP: 206436
41 29 21 16 #SUP: 208203
41 29 21 16 18 #SUP: 207709
41 29 21 16 18 12 #SUP: 207642
41 29 21 16 18 17 #SUP: 207684
41 29 21 16 18 12 17 #SUP: 207617
41 29 21 16 12 #SUP: 208098
41 29 21 16 12 17 #SUP: 208073
41 29 21 16 17 #SUP: 208178
41 29 21 18 #SUP: 212021
41 29 21 18 12 #SUP: 211949
41 29 21 18 17 #SUP: 211996
41 29 21 18 12 17 #SUP: 211924
41 29 21 12 #SUP: 212410
41 29 21 12 17 #SUP: 212385
41 29 21 17 #SUP: 212669
41 29 31 #SUP: 227793
41 29 31 16 #SUP: 223571
41 29 31 16 18 #SUP: 223078
41 29 31 16 18 12 #SUP: 223013
41 29 31 16 18 17 #SUP: 223056
41 29 31 16 18 12 17 #SUP: 222991
41 29 31 16 12 #SUP: 223465
41 29 31 16 12 17 #SUP: 223443
41 29 31 16 17 #SUP: 223549
41 29 31 18 #SUP: 227107
41 29 31 18 12 #SUP: 227037
41 29 31 18 17 #SUP: 227085
41 29 31 18 12 17 #SUP: 227015
41 29 31 12 #SUP: 227493
41 29 31 12 17 #SUP: 227471
41 29 31 17 #SUP: 227771
41 29 16 #SUP: 230970
41 29 16 18 #SUP: 230431
41 29 16 18 12 #SUP: 230361
41 29 16 18 17 #SUP: 230406
41 29 16 18 12 17 #SUP: 230336
41 29 16 12 #SUP: 230854
41 29 16 12 17 #SUP: 230829
41 29 16 17 #SUP: 230945
41 29 18 #SUP: 235067
41 29 18 12 #SUP: 234992
41 29 18 17 #SUP: 235042
41 29 18 12 17 #SUP: 234967
41 29 12 #SUP: 235490
41 29 12 17 #SUP: 235465
41 29 17 #SUP: 235783
41 21 #SUP: 236070
41 21 31 #SUP: 229073
41 21 31 16 #SUP: 224944
41 21 31 16 18 #SUP: 224463
41 21 31 16 18 12 #SUP: 224393
41 21 31 16 18 17 #SUP: 224441
41 21 31 16 18 12 17 #SUP: 224371
41 21 31 16 12 #SUP: 224834
41 21 31 16 12 17 #SUP: 224812
41 21 31 16 17 #SUP: 224922
41 21 31 18 #SUP: 228399
41 21 31 18 12 #SUP: 228324
41 21 31 18 17 #SUP: 228377
41 21 31 18 12 17 #SUP: 228302
41 21 31 12 #SUP: 228769
41 21 31 12 17 #SUP: 228747
41 21 31 17 #SUP: 229051
41 21 16 #SUP: 231369
41 21 16 18 #SUP: 230846
41 21 16 18 12 #SUP: 230771
41 21 16 18 17 #SUP: 230821
41 21 16 18 12 17 #SUP: 230746
41 21 16 12 #SUP: 231253
41 21 16 12 17 #SUP: 231228
41 21 16 17 #SUP: 231344
41 21 18 #SUP: 235349
41 21 18 12 #SUP: 235269
41 21 18 17 #SUP: 235324
41 21 18 12 17 #SUP: 235244
41 21 12 #SUP: 235756
41 21 12 17 #SUP: 235731
41 21 17 #SUP: 236045
41 31 #SUP: 255404
41 31 16 #SUP: 250992
41 31 16 18 #SUP: 250469
41 31 16 18 12 #SUP: 250395
41 31 16 18 17 #SUP: 250447
41 31 16 18 12 17 #SUP: 250373
41 31 16 12 #SUP: 250872
41 31 16 12 17 #SUP: 250850
41 31 16 17 #SUP: 250970
41 31 18 #SUP: 254663
41 31 18 12 #SUP: 254584
41 31 18 17 #SUP: 254641
41 31 18 12 17 #SUP: 254562
41 31 12 #SUP: 255065
41 31 12 17 #SUP: 255043
41 31 17 #SUP: 255382
41 16 #SUP: 259507
41 16 18 #SUP: 258933
41 16 18 12 #SUP: 258854
41 16 18 17 #SUP: 258908
41 16 18 12 17 #SUP: 258829
41 16 12 #SUP: 259377
41 16 12 17 #SUP: 259352
41 16 17 #SUP: 259482
41 18 #SUP: 263796
41 18 12 #SUP: 263711
41 18 17 #SUP: 263771
41 18 12 17 #SUP: 263686
41 12 #SUP: 264239
41 12 17 #SUP: 264214
41 17 #SUP: 264572
28 15 #SUP: 217673
28 15 31 #SUP: 208117
28 15 31 18 #SUP: 207407
28 15 31 18 12 #SUP: 207350
28 15 31 18 17 #SUP: 207385
28 15 31 18 12 17 #SUP: 207328
28 15 31 12 #SUP: 207820
28 15 31 12 17 #SUP: 207798
28 15 31 17 #SUP: 208095
28 15 16 #SUP: 212050
28 15 16 18 #SUP: 211443
28 15 16 18 12 #SUP: 211382
28 15 16 18 17 #SUP: 211416
28 15 16 18 12 17 #SUP: 211355
28 15 16 12 #SUP: 211921
28 15 16 12 17 #SUP: 211894
28 15 16 17 #SUP: 212023
28 15 18 #SUP: 216837
28 15 18 12 #SUP: 216770
28 15 18 17 #SUP: 216810
28 15 18 12 17 #SUP: 216743
28 15 12 #SUP: 217312
28 15 12 17 #SUP: 217285
28 15 17 #SUP: 217646
28 24 #SUP: 219189
28 24 31 #SUP: 208921
28 24 31 16 #SUP: 204447
28 24 31 16 12 #SUP: 204338
28 24 31 16 17 #SUP: 204431
28 24 31 16 12 17 #SUP: 204322
28 24 31 18 #SUP: 208268
28 24 31 18 12 #SUP: 208189
28 24 31 18 17 #SUP: 208252
28 24 31 18 12 17 #SUP: 208173
28 24 31 12 #SUP: 208646
28 24 31 12 17 #SUP: 208630
28 24 31 17 #SUP: 208905
28 24 16 #SUP: 213246
28 24 16 18 #SUP: 212659
28 24 16 18 12 #SUP: 212579
28 24 16 18 17 #SUP: 212638
28 24 16 18 12 17 #SUP: 212558
28 24 16 12 #SUP: 213112
28 24 16 12 17 #SUP: 213091
28 24 16 17 #SUP: 213225
28 24 18 #SUP: 218424
28 24 18 12 #SUP: 218335
28 24 18 17 #SUP: 218403
28 24 18 12 17 #SUP: 218314
28 24 12 #SUP: 218871
28 24 12 17 #SUP: 218850
28 24 17 #SUP: 219168
28 27 #SUP: 222446
28 27 21 #SUP: 212080
28 27 21 16 #SUP: 206671
28 27 21 16 18 #SUP: 206153
28 27 21 16 18 12 #SUP: 206090
28 27 21 16 18 17 #SUP: 206129
28 27 21 16 18 12 17 #SUP: 206066
28 27 21 16 12 #SUP: 206564
28 27 21 16 12 17 #SUP: 206540
28 27 21 16 17 #SUP: 206647
28 27 21 18 #SUP: 211384
28 27 21 18 12 #SUP: 211315
28 27 21 18 17 #SUP: 211360
28 27 21 18 12 17 #SUP: 211291
28 27 21 12 #SUP: 211792
28 27 21 12 17 #SUP: 211768
28 27 21 17 #SUP: 212056
28 27 31 #SUP: 211885
28 27 31 16 #SUP: 207705
28 27 31 16 18 #SUP: 207264
28 27 31 16 18 12 #SUP: 207204
28 27 31 16 18 17 #SUP: 207245
28 27 31 16 18 12 17 #SUP: 207185
28 27 31 16 12 #SUP: 207613
28 27 31 16 12 17 #SUP: 207594
28 27 31 16 17 #SUP: 207686
28 27 31 18 #SUP: 211285
28 27 31 18 12 #SUP: 211221
28 27 31 18 17 #SUP: 211266
28 27 31 18 12 17 #SUP: 211202
28 27 31 12 #SUP: 211632
28 27 31 12 17 #SUP: 211613
28 27 31 17 #SUP: 211866
28 27 16 #SUP: 216802
28 27 16 18 #SUP: 216268
28 27 16 18 12 #SUP: 216201
28 27 16 18 17 #SUP: 216244
28 27 16 18 12 17 #SUP: 216177
28 27 16 12 #SUP: 216690
28 27 16 12 17 #SUP: 216666
28 27 16 17 #SUP: 216778
28 27 18 #SUP: 221725
28 27 18 12 #SUP: 221651
28 27 18 17 #SUP: 221701
28 27 18 12 17 #SUP: 221627
28 27 12 #SUP: 222143
28 27 12 17 #SUP: 222119
28 27 17 #SUP: 222422
28 43 #SUP: 232622
28 43 31 #SUP: 221118
28 43 31 16 #SUP: 216735
28 43 31 16 18 #SUP: 216245
28 43 31 16 18 12 #SUP: 216171
28 43 31 16 18 17 #SUP: 216223
28 43 31 16 18 12 17 #SUP: 216149
28 43 31 16 12 #SUP: 216622
28 43 31 16 12 17 #SUP: 216600
28 43 31 16 17 #SUP: 216713
28 43 31 18 #SUP: 220459
28 43 31 18 12 #SUP: 220380
28 43 31 18 17 #SUP: 220437
28 43 31 18 12 17 #SUP: 220358
28 43 31 12 #SUP: 220833
28 43 31 12 17 #SUP: 220811
28 43 31 17 #SUP: 221096
28 43 16 #SUP: 226808
28 43 16 18 #SUP: 226225
28 43 16 18 12 #SUP: 226143
28 43 16 18 17 #SUP: 226199
28 43 16 18 12 17 #SUP: 226117
28 43 16 12 #SUP: 226668
28 43 16 12 17 #SUP: 226642
28 43 16 17 #SUP: 226782
28 43 18 #SUP: 231845
28 43 18 12 #SUP: 231754
28 43 18 17 #SUP: 231819
28 43 18 12 17 #SUP: 231728
28 43 12 #SUP: 232281
28 43 12 17 #SUP: 232255
28 43 17 #SUP: 232596
28 29 #SUP: 235484
28 29 21 #SUP: 208167
28 29 21 18 #SUP: 207402
28 29 21 18 12 #SUP: 207313
28 29 21 18 17 #SUP: 207375
28 29 21 18 12 17 #SUP: 207286
28 29 21 12 #SUP: 207867
28 29 21 12 17 #SUP: 207840
28 29 21 17 #SUP: 208140
28 29 31 #SUP: 223642
28 29 31 16 #SUP: 218527
28 29 31 16 18 #SUP: 217979
28 29 31 16 18 12 #SUP: 217901
28 29 31 16 18 17 #SUP: 217956
28 29 31 16 18 12 17 #SUP: 217878
28 29 31 16 12 #SUP: 218411
28 29 31 16 12 17 #SUP: 218388
28 29 31 16 17 #SUP: 218504
28 29 31 18 #SUP: 222926
28 29 31 18 12 #SUP: 222841
28 29 31 18 17 #SUP: 222903
28 29 31 18 12 17 #SUP: 222818
28 29 31 12 #SUP: 223354
28 29 31 12 17 #SUP: 223331
28 29 31 17 #SUP: 223619
28 29 16 #SUP: 228696
28 29 16 18 #SUP: 228039
28 29 16 18 12 #SUP: 227952
28 29 16 18 17 #SUP: 228011
28 29 16 18 12 17 #SUP: 227924
28 29 16 12 #SUP: 228550
28 29 16 12 17 #SUP: 228522
28 29 16 17 #SUP: 228668
28 29 18 #SUP: 234630
28 29 18 12 #SUP: 234533
28 29 18 17 #SUP: 234602
28 29 18 12 17 #SUP: 234505
28 29 12 #SUP: 235135
28 29 12 17 #SUP: 235107
28 29 17 #SUP: 235456
28 21 #SUP: 236403
28 21 31 #SUP: 225482
28 21 31 16 #SUP: 220464
28 21 31 16 18 #SUP: 219928
28 21 31 16 18 12 #SUP: 219850
28 21 31 16 18 17 #SUP: 219906
28 21 31 16 18 12 17 #SUP: 219828
28 21 31 16 12 #SUP: 220347
28 21 31 16 12 17 #SUP: 220325
28 21 31 16 17 #SUP: 220442
28 21 31 18 #SUP: 224780
28 21 31 18 12 #SUP: 224695
28 21 31 18 17 #SUP: 224758
28 21 31 18 12 17 #SUP: 224673
28 21 31 12 #SUP: 225195
28 21 31 12 17 #SUP: 225173
28 21 31 17 #SUP: 225460
28 21 16 #SUP: 229761
28 21 16 18 #SUP: 229125
28 21 16 18 12 #SUP: 229039
28 21 16 18 17 #SUP: 229098
28 21 16 18 12 17 #SUP: 229012
28 21 16 12 #SUP: 229623
28 21 16 12 17 #SUP: 229596
28 21 16 17 #SUP: 229734
28 21 18 #SUP: 235574
28 21 18 12 #SUP: 235478
28 21 18 17 #SUP: 235547
28 21 18 12 17 #SUP: 235451
28 21 12 #SUP: 236066
28 21 12 17 #SUP: 236039
28 21 17 #SUP: 236376
28 31 #SUP: 256653
28 31 16 #SUP: 251224
28 31 16 18 #SUP: 250637
28 31 16 18 12 #SUP: 250550
28 31 16 18 17 #SUP: 250614
28 31 16 18 12 17 #SUP: 250527
28 31 16 12 #SUP: 251092
28 31 16 12 17 #SUP: 251069
28 31 16 17 #SUP: 251201
28 31 18 #SUP: 255868
28 31 18 12 #SUP: 255774
28 31 18 17 #SUP: 255845
28 31 18 12 17 #SUP: 255751
28 31 12 #SUP: 256319
28 31 12 17 #SUP: 256296
28 31 17 #SUP: 256630
28 16 #SUP: 263284
28 16 18 #SUP: 262578
28 16 18 12 #SUP: 262482
28 16 18 17 #SUP: 262550
28 16 18 12 17 #SUP: 262454
28 16 12 #SUP: 263120
28 16 12 17 #SUP: 263092
28 16 17 #SUP: 263256
28 18 #SUP: 269629
28 18 12 #SUP: 269522
28 18 17 #SUP: 269601
28 18 12 17 #SUP: 269494
28 12 #SUP: 270164
28 12 17 #SUP: 270136
28 17 #SUP: 270537
15 24 #SUP: 219031
15 24 31 #SUP: 207320
15 24 31 18 #SUP: 206647
15 24 31 18 12 #SUP: 206580
15 24 31 18 17 #SUP: 206631
15 24 31 18 12 17 #SUP: 206564
15 24 31 12 #SUP: 206986
15 24 31 12 17 #SUP: 206970
15 24 31 17 #SUP: 207304
15 24 16 #SUP: 214195
15 24 16 18 #SUP: 213660
15 24 16 18 12 #SUP: 213580
15 24 16 18 17 #SUP: 213638
15 24 16 18 12 17 #SUP: 213558
15 24 16 12 #SUP: 214046
15 24 16 12 17 #SUP: 214024
15 24 16 17 #SUP: 214173
15 24 18 #SUP: 218249
15 24 18 12 #SUP: 218163
15 24 18 17 #SUP: 218227
15 24 18 12 17 #SUP: 218141
15 24 12 #SUP: 218631
15 24 12 17 #SUP: 218609
15 24 17 #SUP: 219009
15 27 #SUP: 230562
15 27 21 #SUP: 220906
15 27 21 31 #SUP: 209607
15 27 21 31 16 #SUP: 206490
15 27 21 31 16 18 #SUP: 206096
15 27 21 31 16 18 12 #SUP: 206040
15 27 21 31 16 18 17 #SUP: 206075
15 27 21 31 16 18 12 17 #SUP: 206019
15 27 21 31 16 12 #SUP: 206388
15 27 21 31 16 12 17 #SUP: 206367
15 27 21 31 16 17 #SUP: 206469
15 27 21 31 18 #SUP: 208991
15 27 21 31 18 12 #SUP: 208933
15 27 21 31 18 17 #SUP: 208970
15 27 21 31 18 12 17 #SUP: 208912
15 27 21 31 12 #SUP: 209282
15 27 21 31 12 17 #SUP: 209261
15 27 21 31 17 #SUP: 209586
15 27 21 16 #SUP: 216702
15 27 21 16 18 #SUP: 216238
15 27 21 16 18 12 #SUP: 216168
15 27 21 16 18 17 #SUP: 216211
15 27 21 16 18 12 17 #SUP: 216141
15 27 21 16 12 #SUP: 216572
15 27 21 16 12 17 #SUP: 216545
15 27 21 16 17 #SUP: 216675
15 27 21 18 #SUP: 220184
15 27 21 18 12 #SUP: 220110
15 27 21 18 17 #SUP: 220157
15 27 21 18 12 17 #SUP: 220083
15 27 21 12 #SUP: 220516
15 27 21 12 17 #SUP: 220489
15 27 21 17 #SUP: 220879
15 27 31 #SUP: 218282
15 27 31 16 #SUP: 215055
15 27 31 16 18 #SUP: 214649
15 27 31 16 18 12 #SUP: 214588
15 27 31 16 18 17 #SUP: 214628
15 27 31 16 18 12 17 #SUP: 214567
15 27 31 16 12 #SUP: 214948
15 27 31 16 12 17 #SUP: 214927
15 27 31 16 17 #SUP: 215034
15 27 31 18 #SUP: 217647
15 27 31 18 12 #SUP: 217584
15 27 31 18 17 #SUP: 217626
15 27 31 18 12 17 #SUP: 217563
15 27 31 12 #SUP: 217945
15 27 31 12 17 #SUP: 217924
15 27 31 17 #SUP: 218261
15 27 16 #SUP: 226172
15 27 16 18 #SUP: 225693
15 27 16 18 12 #SUP: 225618
15 27 16 18 17 #SUP: 225666
15 27 16 18 12 17 #SUP: 225591
15 27 16 12 #SUP: 226036
15 27 16 12 17 #SUP: 226009
15 27 16 17 #SUP: 226145
15 27 18 #SUP: 229815
15 27 18 12 #SUP: 229735
15 27 18 17 #SUP: 229788
15 27 18 12 17 #SUP: 229708
15 27 12 #SUP: 230155
15 27 12 17 #SUP: 230128
15 27 17 #SUP: 230535
15 43 #SUP: 233709
15 43 29 #SUP: 204598
15 43 29 12 #SUP: 204210
15 43 29 17 #SUP: 204569
15 43 29 12 17 #SUP: 204181
15 43 21 #SUP: 207536
15 43 21 18 #SUP: 206826
15 43 21 18 12 #SUP: 206734
15 43 21 18 17 #SUP: 206798
15 43 21 18 12 17 #SUP: 206706
15 43 21 12 #SUP: 207152
15 43 21 12 17 #SUP: 207124
15 43 21 17 #SUP: 207508
15 43 31 #SUP: 220869
15 43 31 16 #SUP: 217283
15 43 31 16 18 #SUP: 216825
15 43 31 16 18 12 #SUP: 216750
15 43 31 16 18 17 #SUP: 216801
15 43 31 16 18 12 17 #SUP: 216726
15 43 31 16 12 #SUP: 217156
15 43 31 16 12 17 #SUP: 217132
15 43 31 16 17 #SUP: 217259
15 43 31 18 #SUP: 220177
15 43 31 18 12 #SUP: 220100
15 43 31 18 17 #SUP: 220153
15 43 31 18 12 17 #SUP: 220076
15 43 31 12 #SUP: 220507
15 43 31 12 17 #SUP: 220483
15 43 31 17 #SUP: 220845
15 43 16 #SUP: 228955
15 43 16 18 #SUP: 228415
15 43 16 18 12 #SUP: 228321
15 43 16 18 17 #SUP: 228386
15 43 16 18 12 17 #SUP: 228292
15 43 16 12 #SUP: 228785
15 43 16 12 17 #SUP: 228756
15 43 16 17 #SUP: 228926
15 43 18 #SUP: 232899
15 43 18 12 #SUP: 232799
15 43 18 17 #SUP: 232870
15 43 18 12 17 #SUP: 232770
15 43 12 #SUP: 233264
15 43 12 17 #SUP: 233235
15 43 17 #SUP: 233680
15 29 #SUP: 239070
15 29 21 #SUP: 215250
15 29 21 16 #SUP: 210309
15 29 21 16 18 #SUP: 209772
15 29 21 16 18 12 #SUP: 209686
15 29 21 16 18 17 #SUP: 209742
15 29 21 16 18 12 17 #SUP: 209656
15 29 21 16 12 #SUP: 210160
15 29 21 16 12 17 #SUP: 210130
15 29 21 16 17 #SUP: 210279
15 29 21 18 #SUP: 214467
15 29 21 18 12 #SUP: 214375
15 29 21 18 17 #SUP: 214437
15 29 21 18 12 17 #SUP: 214345
15 29 21 12 #SUP: 214852
15 29 21 12 17 #SUP: 214822
15 29 21 17 #SUP: 215220
15 29 31 #SUP: 225551
15 29 31 16 #SUP: 221452
15 29 31 16 18 #SUP: 220940
15 29 31 16 18 12 #SUP: 220864
15 29 31 16 18 17 #SUP: 220915
15 29 31 16 18 12 17 #SUP: 220839
15 29 31 16 12 #SUP: 221321
15 29 31 16 12 17 #SUP: 221296
15 29 31 16 17 #SUP: 221427
15 29 31 18 #SUP: 224802
15 29 31 18 12 #SUP: 224723
15 29 31 18 17 #SUP: 224777
15 29 31 18 12 17 #SUP: 224698
15 29 31 12 #SUP: 225182
15 29 31 12 17 #SUP: 225157
15 29 31 17 #SUP: 225526
15 29 16 #SUP: 233619
15 29 16 18 #SUP: 233017
15 29 16 18 12 #SUP: 232924
15 29 16 18 17 #SUP: 232986
15 29 16 18 12 17 #SUP: 232893
15 29 16 12 #SUP: 233447
15 29 16 12 17 #SUP: 233416
15 29 16 17 #SUP: 233588
15 29 18 #SUP: 238189
15 29 18 12 #SUP: 238090
15 29 18 17 #SUP: 238158
15 29 18 12 17 #SUP: 238059
15 29 12 #SUP: 238616
15 29 12 17 #SUP: 238585
15 29 17 #SUP: 239039
15 21 #SUP: 243119
15 21 31 #SUP: 230314
15 21 31 16 #SUP: 226311
15 21 31 16 18 #SUP: 225815
15 21 31 16 18 12 #SUP: 225738
15 21 31 16 18 17 #SUP: 225791
15 21 31 16 18 12 17 #SUP: 225714
15 21 31 16 12 #SUP: 226179
15 21 31 16 12 17 #SUP: 226155
15 21 31 16 17 #SUP: 226287
15 21 31 18 #SUP: 229578
15 21 31 18 12 #SUP: 229498
15 21 31 18 17 #SUP: 229554
15 21 31 18 12 17 #SUP: 229474
15 21 31 12 #SUP: 229941
15 21 31 12 17 #SUP: 229917
15 21 31 17 #SUP: 230290
15 21 16 #SUP: 237810
15 21 16 18 #SUP: 237234
15 21 16 18 12 #SUP: 237139
15 21 16 18 17 #SUP: 237204
15 21 16 18 12 17 #SUP: 237109
15 21 16 12 #SUP: 237644
15 21 16 12 17 #SUP: 237614
15 21 16 17 #SUP: 237780
15 21 18 #SUP: 242265
15 21 18 12 #SUP: 242164
15 21 18 17 #SUP: 242235
15 21 18 12 17 #SUP: 242134
15 21 12 #SUP: 242672
15 21 12 17 #SUP: 242642
15 21 17 #SUP: 243089
15 31 #SUP: 257417
15 31 16 #SUP: 253049
15 31 16 18 #SUP: 252500
15 31 16 18 12 #SUP: 252415
15 31 16 18 17 #SUP: 252475
15 31 16 18 12 17 #SUP: 252390
15 31 16 12 #SUP: 252901
15 31 16 12 17 #SUP: 252876
15 31 16 17 #SUP: 253024
15 31 18 #SUP: 256594
15 31 18 12 #SUP: 256506
15 31 18 17 #SUP: 256569
15 31 18 12 17 #SUP: 256481
15 31 12 #SUP: 256994
15 31 12 17 #SUP: 256969
15 31 17 #SUP: 257392
15 16 #SUP: 267037
15 16 18 #SUP: 266387
15 16 18 12 #SUP: 266283
15 16 18 17 #SUP: 266356
15 16 18 12 17 #SUP: 266252
15 16 12 #SUP: 266842
15 16 12 17 #SUP: 266811
15 16 17 #SUP: 267006
15 18 #SUP: 271948
15 18 12 #SUP: 271837
15 18 17 #SUP: 271917
15 18 12 17 #SUP: 271806
15 12 #SUP: 272399
15 12 17 #SUP: 272368
15 17 #SUP: 272887
24 27 #SUP: 226287
24 27 21 #SUP: 216911
24 27 21 31 #SUP: 204509
24 27 21 31 12 #SUP: 204223
24 27 21 31 17 #SUP: 204495
24 27 21 31 12 17 #SUP: 204209
24 27 21 16 #SUP: 212240
24 27 21 16 18 #SUP: 211786
24 27 21 16 18 12 #SUP: 211698
24 27 21 16 18 17 #SUP: 211766
24 27 21 16 18 12 17 #SUP: 211678
24 27 21 16 12 #SUP: 212106
24 27 21 16 12 17 #SUP: 212086
24 27 21 16 17 #SUP: 212220
24 27 21 18 #SUP: 216260
24 27 21 18 12 #SUP: 216163
24 27 21 18 17 #SUP: 216240
24 27 21 18 12 17 #SUP: 216143
24 27 21 12 #SUP: 216574
24 27 21 12 17 #SUP: 216554
24 27 21 17 #SUP: 216891
24 27 31 #SUP: 212955
24 27 31 16 #SUP: 209300
24 27 31 16 18 #SUP: 208912
24 27 31 16 18 12 #SUP: 208838
24 27 31 16 18 17 #SUP: 208898
24 27 31 16 18 12 17 #SUP: 208824
24 27 31 16 12 #SUP: 209192
24 27 31 16 12 17 #SUP: 209178
24 27 31 16 17 #SUP: 209286
24 27 31 18 #SUP: 212383
24 27 31 18 12 #SUP: 212303
24 27 31 18 17 #SUP: 212369
24 27 31 18 12 17 #SUP: 212289
24 27 31 12 #SUP: 212659
24 27 31 12 17 #SUP: 212645
24 27 31 17 #SUP: 212941
24 27 16 #SUP: 221409
24 27 16 18 #SUP: 220942
24 27 16 18 12 #SUP: 220850
24 27 16 18 17 #SUP: 220922
24 27 16 18 12 17 #SUP: 220830
24 27 16 12 #SUP: 221270
24 27 16 12 17 #SUP: 221250
24 27 16 17 #SUP: 221389
24 27 18 #SUP: 225616
24 27 18 12 #SUP: 225514
24 27 18 17 #SUP: 225596
24 27 18 12 17 #SUP: 225494
24 27 12 #SUP: 225937
24 27 12 17 #SUP: 225917
24 27 17 #SUP: 226267
24 43 #SUP: 236664
24 43 29 #SUP: 208910
24 43 29 16 #SUP: 204195
24 43 29 16 17 #SUP: 204173
24 43 29 18 #SUP: 208241
24 43 29 18 12 #SUP: 208136
24 43 29 18 17 #SUP: 208219
24 43 29 18 12 17 #SUP: 208114
24 43 29 12 #SUP: 208573
24 43 29 12 17 #SUP: 208551
24 43 29 17 #SUP: 208888
24 43 21 #SUP: 208467
24 43 21 18 #SUP: 207818
24 43 21 18 12 #SUP: 207705
24 43 21 18 17 #SUP: 207797
24 43 21 18 12 17 #SUP: 207684
24 43 21 12 #SUP: 208128
24 43 21 12 17 #SUP: 208107
24 43 21 17 #SUP: 208446
24 43 31 #SUP: 222613
24 43 31 16 #SUP: 218751
24 43 31 16 18 #SUP: 218306
24 43 31 16 18 12 #SUP: 218213
24 43 31 16 18 17 #SUP: 218289
24 43 31 16 18 12 17 #SUP: 218196
24 43 31 16 12 #SUP: 218617
24 43 31 16 12 17 #SUP: 218600
24 43 31 16 17 #SUP: 218734
24 43 31 18 #SUP: 221976
24 43 31 18 12 #SUP: 221878
24 43 31 18 17 #SUP: 221959
24 43 31 18 12 17 #SUP: 221861
24 43 31 12 #SUP: 222285
24 43 31 12 17 #SUP: 222268
24 43 31 17 #SUP: 222596
24 43 16 #SUP: 231606
24 43 16 18 #SUP: 231083
24 43 16 18 12 #SUP: 230970
24 43 16 18 17 #SUP: 231061
24 43 16 18 12 17 #SUP: 230948
24 43 16 12 #SUP: 231434
24 43 16 12 17 #SUP: 231412
24 43 16 17 #SUP: 231584
24 43 18 #SUP: 235929
24 43 18 12 #SUP: 235806
24 43 18 17 #SUP: 235907
24 43 18 12 17 #SUP: 235784
24 43 12 #SUP: 236273
24 43 12 17 #SUP: 236251
24 43 17 #SUP: 236642
24 29 #SUP: 242229
24 29 21 #SUP: 216130
24 29 21 16 #SUP: 210730
24 29 21 16 18 #SUP: 210200
24 29 21 16 18 12 #SUP: 210096
24 29 21 16 18 17 #SUP: 210178
24 29 21 16 18 12 17 #SUP: 210074
24 29 21 16 12 #SUP: 210578
24 29 21 16 12 17 #SUP: 210556
24 29 21 16 17 #SUP: 210708
24 29 21 18 #SUP: 215409
24 29 21 18 12 #SUP: 215294
24 29 21 18 17 #SUP: 215387
24 29 21 18 12 17 #SUP: 215272
24 29 21 12 #SUP: 215780
24 29 21 12 17 #SUP: 215758
24 29 21 17 #SUP: 216108
24 29 31 #SUP: 227064
24 29 31 16 #SUP: 222560
24 29 31 16 18 #SUP: 222067
24 29 31 16 18 12 #SUP: 221975
24 29 31 16 18 17 #SUP: 222050
24 29 31 16 18 12 17 #SUP: 221958
24 29 31 16 12 #SUP: 222426
24 29 31 16 12 17 #SUP: 222409
24 29 31 16 17 #SUP: 222543
24 29 31 18 #SUP: 226377
24 29 31 18 12 #SUP: 226278
24 29 31 18 17 #SUP: 226360
24 29 31 18 12 17 #SUP: 226261
24 29 31 12 #SUP: 226732
24 29 31 12 17 #SUP: 226715
24 29 31 17 #SUP: 227047
24 29 16 #SUP: 236321
24 29 16 18 #SUP: 235734
24 29 16 18 12 #SUP: 235623
24 29 16 18 17 #SUP: 235711
24 29 16 18 12 17 #SUP: 235600
24 29 16 12 #SUP: 236150
24 29 16 12 17 #SUP: 236127
24 29 16 17 #SUP: 236298
24 29 18 #SUP: 241425
24 29 18 12 #SUP: 241303
24 29 18 17 #SUP: 241402
24 29 18 12 17 #SUP: 241280
24 29 12 #SUP: 241834
24 29 12 17 #SUP: 241811
24 29 17 #SUP: 242206
24 21 #SUP: 242140
24 21 31 #SUP: 228016
24 21 31 16 #SUP: 223619
24 21 31 16 18 #SUP: 223141
24 21 31 16 18 12 #SUP: 223044
24 21 31 16 18 17 #SUP: 223125
24 21 31 16 18 12 17 #SUP: 223028
24 21 31 16 12 #SUP: 223482
24 21 31 16 12 17 #SUP: 223466
24 21 31 16 17 #SUP: 223603
24 21 31 18 #SUP: 227344
24 21 31 18 12 #SUP: 227240
24 21 31 18 17 #SUP: 227328
24 21 31 18 12 17 #SUP: 227224
24 21 31 12 #SUP: 227681
24 21 31 12 17 #SUP: 227665
24 21 31 17 #SUP: 228000
24 21 16 #SUP: 236383
24 21 16 18 #SUP: 235818
24 21 16 18 12 #SUP: 235700
24 21 16 18 17 #SUP: 235796
24 21 16 18 12 17 #SUP: 235678
24 21 16 12 #SUP: 236211
24 21 16 12 17 #SUP: 236189
24 21 16 17 #SUP: 236361
24 21 18 #SUP: 241360
24 21 18 12 #SUP: 241231
24 21 18 17 #SUP: 241338
24 21 18 12 17 #SUP: 241209
24 21 12 #SUP: 241746
24 21 12 17 #SUP: 241724
24 21 17 #SUP: 242118
24 31 #SUP: 257123
24 31 16 #SUP: 252352
24 31 16 18 #SUP: 251825
24 31 16 18 12 #SUP: 251718
24 31 16 18 17 #SUP: 251808
24 31 16 18 12 17 #SUP: 251701
24 31 16 12 #SUP: 252198
24 31 16 12 17 #SUP: 252181
24 31 16 17 #SUP: 252335
24 31 18 #SUP: 256373
24 31 18 12 #SUP: 256259
24 31 18 17 #SUP: 256356
24 31 18 12 17 #SUP: 256242
24 31 12 #SUP: 256742
24 31 12 17 #SUP: 256725
24 31 17 #SUP: 257106
24 16 #SUP: 267887
24 16 18 #SUP: 267256
24 16 18 12 #SUP: 267128
24 16 18 17 #SUP: 267233
24 16 18 12 17 #SUP: 267105
24 16 12 #SUP: 267690
24 16 12 17 #SUP: 267667
24 16 17 #SUP: 267864
24 18 #SUP: 273333
24 18 12 #SUP: 273193
24 18 17 #SUP: 273310
24 18 12 17 #SUP: 273170
24 12 #SUP: 273759
24 12 17 #SUP: 273736
24 17 #SUP: 274190
27 43 #SUP: 243163
27 43 29 #SUP: 213817
27 43 29 21 #SUP: 206150
27 43 29 21 18 #SUP: 205525
27 43 29 21 18 12 #SUP: 205427
27 43 29 21 18 17 #SUP: 205499
27 43 29 21 18 12 17 #SUP: 205401
27 43 29 21 12 #SUP: 205819
27 43 29 21 12 17 #SUP: 205793
27 43 29 21 17 #SUP: 206124
27 43 29 16 #SUP: 209411
27 43 29 16 18 #SUP: 208962
27 43 29 16 18 12 #SUP: 208871
27 43 29 16 18 17 #SUP: 208936
27 43 29 16 18 12 17 #SUP: 208845
27 43 29 16 12 #SUP: 209275
27 43 29 16 12 17 #SUP: 209249
27 43 29 16 17 #SUP: 209385
27 43 29 18 #SUP: 213172
27 43 29 18 12 #SUP: 213072
27 43 29 18 17 #SUP: 213146
27 43 29 18 12 17 #SUP: 213046
27 43 29 12 #SUP: 213478
27 43 29 12 17 #SUP: 213452
27 43 29 17 #SUP: 213791
27 43 21 #SUP: 233648
27 43 21 31 #SUP: 220378
27 43 21 31 16 #SUP: 216891
27 43 21 31 16 18 #SUP: 216503
27 43 21 31 16 18 12 #SUP: 216419
27 43 21 31 16 18 17 #SUP: 216482
27 43 21 31 16 18 12 17 #SUP: 216398
27 43 21 31 16 12 #SUP: 216768
27 43 21 31 16 12 17 #SUP: 216747
27 43 21 31 16 17 #SUP: 216870
27 43 21 31 18 #SUP: 219801
27 43 21 31 18 12 #SUP: 219711
27 43 21 31 18 17 #SUP: 219780
27 43 21 31 18 12 17 #SUP: 219690
27 43 21 31 12 #SUP: 220062
27 43 21 31 12 17 #SUP: 220041
27 43 21 31 17 #SUP: 220357
27 43 21 16 #SUP: 229018
27 43 21 16 18 #SUP: 228551
27 43 21 16 18 12 #SUP: 228449
27 43 21 16 18 17 #SUP: 228525
27 43 21 16 18 12 17 #SUP: 228423
27 43 21 16 12 #SUP: 228866
27 43 21 16 12 17 #SUP: 228840
27 43 21 16 17 #SUP: 228992
27 43 21 18 #SUP: 232963
27 43 21 18 12 #SUP: 232852
27 43 21 18 17 #SUP: 232937
27 43 21 18 12 17 #SUP: 232826
27 43 21 12 #SUP: 233271
27 43 21 12 17 #SUP: 233245
27 43 21 17 #SUP: 233622
27 43 31 #SUP: 228902
27 43 31 16 #SUP: 225312
27 43 31 16 18 #SUP: 224910
27 43 31 16 18 12 #SUP: 224822
27 43 31 16 18 17 #SUP: 224889
27 43 31 16 18 12 17 #SUP: 224801
27 43 31 16 12 #SUP: 225185
27 43 31 16 12 17 #SUP: 225164
27 43 31 16 17 #SUP: 225291
27 43 31 18 #SUP: 228305
27 43 31 18 12 #SUP: 228211
27 43 31 18 17 #SUP: 228284
27 43 31 18 12 17 #SUP: 228190
27 43 31 12 #SUP: 228576
27 43 31 12 17 #SUP: 228555
27 43 31 17 #SUP: 228881
27 43 16 #SUP: 238376
27 43 16 18 #SUP: 237893
27 43 16 18 12 #SUP: 237787
27 43 16 18 17 #SUP: 237867
27 43 16 18 12 17 #SUP: 237761
27 43 16 12 #SUP: 238219
27 43 16 12 17 #SUP: 238193
27 43 16 17 #SUP: 238350
27 43 18 #SUP: 242454
27 43 18 12 #SUP: 242338
27 43 18 17 #SUP: 242428
27 43 18 12 17 #SUP: 242312
27 43 12 #SUP: 242772
27 43 12 17 #SUP: 242746
27 43 17 #SUP: 243137
27 29 #SUP: 249682
27 29 21 #SUP: 240270
27 29 21 31 #SUP: 226077
27 29 21 31 16 #SUP: 222004
27 29 21 31 16 18 #SUP: 221570
27 29 21 31 16 18 12 #SUP: 221489
27 29 21 31 16 18 17 #SUP: 221548
27 29 21 31 16 18 12 17 #SUP: 221467
27 29 21 31 16 12 #SUP: 221882
27 29 21 31 16 12 17 #SUP: 221860
27 29 21 31 16 17 #SUP: 221982
27 29 21 31 18 #SUP: 225448
27 29 21 31 18 12 #SUP: 225359
27 29 21 31 18 17 #SUP: 225426
27 29 21 31 18 12 17 #SUP: 225337
27 29 21 31 12 #SUP: 225755
27 29 21 31 12 17 #SUP: 225733
27 29 21 31 17 #SUP: 226055
27 29 21 16 #SUP: 234896
27 29 21 16 18 #SUP: 234371
27 29 21 16 18 12 #SUP: 234272
27 29 21 16 18 17 #SUP: 234343
27 29 21 16 18 12 17 #SUP: 234244
27 29 21 16 12 #SUP: 234744
27 29 21 16 12 17 #SUP: 234716
27 29 21 16 17 #SUP: 234868
27 29 21 18 #SUP: 239517
27 29 21 18 12 #SUP: 239407
27 29 21 18 17 #SUP: 239489
27 29 21 18 12 17 #SUP: 239379
27 29 21 12 #SUP: 239883
27 29 21 12 17 #SUP: 239855
27 29 21 17 #SUP: 240242
27 29 31 #SUP: 234438
27 29 31 16 #SUP: 230223
27 29 31 16 18 #SUP: 229776
27 29 31 16 18 12 #SUP: 229692
27 29 31 16 18 17 #SUP: 229754
27 29 31 16 18 12 17 #SUP: 229670
27 29 31 16 12 #SUP: 230098
27 29 31 16 12 17 #SUP: 230076
27 29 31 16 17 #SUP: 230201
27 29 31 18 #SUP: 233792
27 29 31 18 12 #SUP: 233700
27 29 31 18 17 #SUP: 233770
27 29 31 18 12 17 #SUP: 233678
27 29 31 12 #SUP: 234109
27 29 31 12 17 #SUP: 234087
27 29 31 17 #SUP: 234416
27 29 16 #SUP: 244082
27 29 16 18 #SUP: 243541
27 29 16 18 12 #SUP: 243439
27 29 16 18 17 #SUP: 243513
27 29 16 18 12 17 #SUP: 243411
27 29 16 12 #SUP: 243926
27 29 16 12 17 #SUP: 243898
27 29 16 17 #SUP: 244054
27 29 18 #SUP: 248907
27 29 18 12 #SUP: 248794
27 29 18 17 #SUP: 248879
27 29 18 12 17 #SUP: 248766
27 29 12 #SUP: 249285
27 29 12 17 #SUP: 249257
27 29 17 #SUP: 249654
27 21 #SUP: 272438
27 21 31 #SUP: 256335
27 21 31 16 #SUP: 251980
27 21 31 16 18 #SUP: 251516
27 21 31 16 18 12 #SUP: 251424
27 21 31 16 18 17 #SUP: 251494
27 21 31 16 18 12 17 #SUP: 251402
27 21 31 16 12 #SUP: 251842
27 21 31 16 12 17 #SUP: 251820
27 21 31 16 17 #SUP: 251958
27 21 31 18 #SUP: 255647
27 21 31 18 12 #SUP: 255547
27 21 31 18 17 #SUP: 255625
27 21 31 18 12 17 #SUP: 255525
27 21 31 12 #SUP: 255968
27 21 31 12 17 #SUP: 255946
27 21 31 17 #SUP: 256313
27 21 16 #SUP: 266624
27 21 16 18 #SUP: 266061
27 21 16 18 12 #SUP: 265949
27 21 16 18 17 #SUP: 266033
27 21 16 18 12 17 #SUP: 265921
27 21 16 12 #SUP: 266452
27 21 16 12 17 #SUP: 266424
27 21 16 17 #SUP: 266596
27 21 18 #SUP: 271615
27 21 18 12 #SUP: 271492
27 21 18 17 #SUP: 271587
27 21 18 12 17 #SUP: 271464
27 21 12 #SUP: 271999
27 21 12 17 #SUP: 271971
27 21 17 #SUP: 272410
27 31 #SUP: 266632
27 31 16 #SUP: 262118
27 31 16 18 #SUP: 261640
27 31 16 18 12 #SUP: 261543
27 31 16 18 17 #SUP: 261618
27 31 16 18 12 17 #SUP: 261521
27 31 16 12 #SUP: 261975
27 31 16 12 17 #SUP: 261953
27 31 16 17 #SUP: 262096
27 31 18 #SUP: 265923
27 31 18 12 #SUP: 265818
27 31 18 17 #SUP: 265901
27 31 18 12 17 #SUP: 265796
27 31 12 #SUP: 266253
27 31 12 17 #SUP: 266231
27 31 17 #SUP: 266610
27 16 #SUP: 277963
27 16 18 #SUP: 277383
27 16 18 12 #SUP: 277266
27 16 18 17 #SUP: 277355
27 16 18 12 17 #SUP: 277238
27 16 12 #SUP: 277785
27 16 12 17 #SUP: 277757
27 16 17 #SUP: 277935
27 18 #SUP: 283186
27 18 12 #SUP: 283057
27 18 17 #SUP: 283158
27 18 12 17 #SUP: 283029
27 12 #SUP: 283580
27 12 17 #SUP: 283552
27 17 #SUP: 284008
43 29 #SUP: 256190
43 29 21 #SUP: 229625
43 29 21 31 #SUP: 216278
43 29 21 31 16 #SUP: 212210
43 29 21 31 16 18 #SUP: 211765
43 29 21 31 16 18 12 #SUP: 211670
43 29 21 31 16 18 17 #SUP: 211741
43 29 21 31 16 18 12 17 #SUP: 211646
43 29 21 31 16 12 #SUP: 212075
43 29 21 31 16 12 17 #SUP: 212051
43 29 21 31 16 17 #SUP: 212186
43 29 21 31 18 #SUP: 215652
43 29 21 31 18 12 #SUP: 215550
43 29 21 31 18 17 #SUP: 215628
43 29 21 31 18 12 17 #SUP: 215526
43 29 21 31 12 #SUP: 215958
43 29 21 31 12 17 #SUP: 215934
43 29 21 31 17 #SUP: 216254
43 29 21 16 #SUP: 224351
43 29 21 16 18 #SUP: 223826
43 29 21 16 18 12 #SUP: 223710
43 29 21 16 18 17 #SUP: 223797
43 29 21 16 18 12 17 #SUP: 223681
43 29 21 16 12 #SUP: 224184
43 29 21 16 12 17 #SUP: 224155
43 29 21 16 17 #SUP: 224322
43 29 21 18 #SUP: 228890
43 29 21 18 12 #SUP: 228763
43 29 21 18 17 #SUP: 228861
43 29 21 18 12 17 #SUP: 228734
43 29 21 12 #SUP: 229240
43 29 21 12 17 #SUP: 229211
43 29 21 17 #SUP: 229596
43 29 31 #SUP: 240102
43 29 31 16 #SUP: 235727
43 29 31 16 18 #SUP: 235238
43 29 31 16 18 12 #SUP: 235137
43 29 31 16 18 17 #SUP: 235213
43 29 31 16 18 12 17 #SUP: 235112
43 29 31 16 12 #SUP: 235582
43 29 31 16 12 17 #SUP: 235557
43 29 31 16 17 #SUP: 235702
43 29 31 18 #SUP: 239409
43 29 31 18 12 #SUP: 239301
43 29 31 18 17 #SUP: 239384
43 29 31 18 12 17 #SUP: 239276
43 29 31 12 #SUP: 239749
43 29 31 12 17 #SUP: 239724
43 29 31 17 #SUP: 240077
43 29 16 #SUP: 250450
43 29 16 18 #SUP: 249866
43 29 16 18 12 #SUP: 249743
43 29 16 18 17 #SUP: 249836
43 29 16 18 12 17 #SUP: 249713
43 29 16 12 #SUP: 250262
43 29 16 12 17 #SUP: 250232
43 29 16 17 #SUP: 250420
43 29 18 #SUP: 255368
43 29 18 12 #SUP: 255234
43 29 18 17 #SUP: 255338
43 29 18 12 17 #SUP: 255204
43 29 12 #SUP: 255756
43 29 12 17 #SUP: 255726
43 29 17 #SUP: 256160
43 21 #SUP: 258402
43 21 31 #SUP: 243422
43 21 31 16 #SUP: 239101
43 21 31 16 18 #SUP: 238625
43 21 31 16 18 12 #SUP: 238518
43 21 31 16 18 17 #SUP: 238601
43 21 31 16 18 12 17 #SUP: 238494
43 21 31 16 12 #SUP: 238949
43 21 31 16 12 17 #SUP: 238925
43 21 31 16 17 #SUP: 239077
43 21 31 18 #SUP: 242740
43 21 31 18 12 #SUP: 242626
43 21 31 18 17 #SUP: 242716
43 21 31 18 12 17 #SUP: 242602
43 21 31 12 #SUP: 243060
43 21 31 12 17 #SUP: 243036
43 21 31 17 #SUP: 243398
43 21 16 #SUP: 252747
43 21 16 18 #SUP: 252185
43 21 16 18 12 #SUP: 252055
43 21 16 18 17 #SUP: 252156
43 21 16 18 12 17 #SUP: 252026
43 21 16 12 #SUP: 252559
43 21 16 12 17 #SUP: 252530
43 21 16 17 #SUP: 252718
43 21 18 #SUP: 257603
43 21 18 12 #SUP: 257462
43 21 18 17 #SUP: 257574
43 21 18 12 17 #SUP: 257433
43 21 12 #SUP: 257969
43 21 12 17 #SUP: 257940
43 21 17 #SUP: 258373
43 31 #SUP: 273126
43 31 16 #SUP: 268464
43 31 16 18 #SUP: 267936
43 31 16 18 12 #SUP: 267820
43 31 16 18 17 #SUP: 267911
43 31 16 18 12 17 #SUP: 267795
43 31 16 12 #SUP: 268296
43 31 16 12 17 #SUP: 268271
43 31 16 17 #SUP: 268439
43 31 18 #SUP: 272362
43 31 18 12 #SUP: 272239
43 31 18 17 #SUP: 272337
43 31 18 12 17 #SUP: 272214
43 31 12 #SUP: 272718
43 31 12 17 #SUP: 272693
43 31 17 #SUP: 273101
43 16 #SUP: 285220
43 16 18 #SUP: 284589
43 16 18 12 #SUP: 284449
43 16 18 17 #SUP: 284559
43 16 18 12 17 #SUP: 284419
43 16 12 #SUP: 285004
43 16 12 17 #SUP: 284974
43 16 17 #SUP: 285190
43 18 #SUP: 290493
43 18 12 #SUP: 290341
43 18 17 #SUP: 290463
43 18 12 17 #SUP: 290311
43 12 #SUP: 290899
43 12 17 #SUP: 290869
43 17 #SUP: 291366
29 21 #SUP: 268665
29 21 31 #SUP: 252402
29 21 31 16 #SUP: 247325
29 21 31 16 18 #SUP: 246780
29 21 31 16 18 12 #SUP: 246671
29 21 31 16 18 17 #SUP: 246755
29 21 31 16 18 12 17 #SUP: 246646
29 21 31 16 12 #SUP: 247166
29 21 31 16 12 17 #SUP: 247141
29 21 31 16 17 #SUP: 247300
29 21 31 18 #SUP: 251644
29 21 31 18 12 #SUP: 251524
29 21 31 18 17 #SUP: 251619
29 21 31 18 12 17 #SUP: 251499
29 21 31 12 #SUP: 252023
29 21 31 12 17 #SUP: 251998
29 21 31 17 #SUP: 252377
29 21 16 #SUP: 262034
29 21 16 18 #SUP: 261389
29 21 16 18 12 #SUP: 261257
29 21 16 18 17 #SUP: 261358
29 21 16 18 12 17 #SUP: 261226
29 21 16 12 #SUP: 261839
29 21 16 12 17 #SUP: 261808
29 21 16 17 #SUP: 262003
29 21 18 #SUP: 267772
29 21 18 12 #SUP: 267625
29 21 18 17 #SUP: 267741
29 21 18 12 17 #SUP: 267594
29 21 12 #SUP: 268212
29 21 12 17 #SUP: 268181
29 21 17 #SUP: 268634
29 31 #SUP: 279681
29 31 16 #SUP: 274211
29 31 16 18 #SUP: 273617
29 31 16 18 12 #SUP: 273500
29 31 16 18 17 #SUP: 273591
29 31 16 18 12 17 #SUP: 273474
29 31 16 12 #SUP: 274039
29 31 16 12 17 #SUP: 274013
29 31 16 17 #SUP: 274185
29 31 18 #SUP: 278848
29 31 18 12 #SUP: 278720
29 31 18 17 #SUP: 278822
29 31 18 12 17 #SUP: 278694
29 31 12 #SUP: 279263
29 31 12 17 #SUP: 279237
29 31 17 #SUP: 279655
29 16 #SUP: 291958
29 16 18 #SUP: 291245
29 16 18 12 #SUP: 291104
29 16 18 17 #SUP: 291213
29 16 18 12 17 #SUP: 291072
29 16 12 #SUP: 291738
29 16 12 17 #SUP: 291706
29 16 17 #SUP: 291926
29 18 #SUP: 298197
29 18 12 #SUP: 298041
29 18 17 #SUP: 298165
29 18 12 17 #SUP: 298009
29 12 #SUP: 298680
29 12 17 #SUP: 298648
29 17 #SUP: 299159
21 31 #SUP: 284154
21 31 16 #SUP: 278779
21 31 16 18 #SUP: 278201
21 31 16 18 12 #SUP: 278080
21 31 16 18 17 #SUP: 278176
21 31 16 18 12 17 #SUP: 278055
21 31 16 12 #SUP: 278603
21 31 16 12 17 #SUP: 278578
21 31 16 17 #SUP: 278754
21 31 18 #SUP: 283334
21 31 18 12 #SUP: 283202
21 31 18 17 #SUP: 283309
21 31 18 12 17 #SUP: 283177
21 31 12 #SUP: 283729
21 31 12 17 #SUP: 283704
21 31 17 #SUP: 284129
21 16 #SUP: 295351
21 16 18 #SUP: 294663
21 16 18 12 #SUP: 294517
21 16 18 17 #SUP: 294632
21 16 18 12 17 #SUP: 294486
21 16 12 #SUP: 295134
21 16 12 17 #SUP: 295103
21 16 17 #SUP: 295320
21 18 #SUP: 301478
21 18 12 #SUP: 301317
21 18 17 #SUP: 301447
21 18 12 17 #SUP: 301286
21 12 #SUP: 301939
21 12 17 #SUP: 301908
21 17 #SUP: 302415
31 16 #SUP: 312204
31 16 18 #SUP: 311569
31 16 18 12 #SUP: 311437
31 16 18 17 #SUP: 311543
31 16 18 12 17 #SUP: 311411
31 16 12 #SUP: 312009
31 16 12 17 #SUP: 311983
31 16 17 #SUP: 312178
31 18 #SUP: 317103
31 18 12 #SUP: 316960
31 18 17 #SUP: 317077
31 18 12 17 #SUP: 316934
31 12 #SUP: 317536
31 12 17 #SUP: 317510
31 17 #SUP: 317988
16 18 #SUP: 331648
16 18 12 #SUP: 331490
16 18 17 #SUP: 331616
16 18 12 17 #SUP: 331458
16 12 #SUP: 332165
16 12 17 #SUP: 332133
16 17 #SUP: 332382
18 12 #SUP: 338921
18 17 #SUP: 339063
18 12 17 #SUP: 338889
12 17 #SUP: 339569
