12 #SUP: 339601
16 #SUP: 332414
17 #SUP: 340151
18 #SUP: 339095
21 #SUP: 302446
29 #SUP: 299191
31 #SUP: 318014
43 #SUP: 291396
43 18 #SUP: 290493
43 18 12 #SUP: 290341
43 18 17 #SUP: 290463
43 18 12 17 #SUP: 290311
43 12 #SUP: 290899
43 12 17 #SUP: 290869
43 17 #SUP: 291366
29 16 #SUP: 291958
29 16 18 #SUP: 291245
29 16 18 12 #SUP: 291104
29 16 18 17 #SUP: 291213
29 16 18 12 17 #SUP: 291072
29 16 12 #SUP: 291738
29 16 12 17 #SUP: 291706
29 16 17 #SUP: 291926
29 18 #SUP: 298197
29 18 12 #SUP: 298041
29 18 17 #SUP: 298165
29 18 12 17 #SUP: 298009
29 12 #SUP: 298680
29 12 17 #SUP: 298648
29 17 #SUP: 299159
21 16 #SUP: 295351
21 16 18 #SUP: 294663
21 16 18 12 #SUP: 294517
21 16 18 17 #SUP: 294632
21 16 18 12 17 #SUP: 294486
21 16 12 #SUP: 295134
21 16 12 17 #SUP: 295103
21 16 17 #SUP: 295320
21 18 #SUP: 301478
21 18 12 #SUP: 301317
21 18 17 #SUP: 301447
21 18 12 17 #SUP: 301286
21 12 #SUP: 301939
21 12 17 #SUP: 301908
21 17 #SUP: 302415
31 16 #SUP: 312204
31 16 18 #SUP: 311569
31 16 18 12 #SUP: 311437
31 16 18 17 #SUP: 311543
31 16 18 12 17 #SUP: 311411
31 16 12 #SUP: 312009
31 16 12 17 #SUP: 311983
31 16 17 #SUP: 312178
31 18 #SUP: 317103
31 18 12 #SUP: 316960
31 18 17 #SUP: 317077
31 18 12 17 #SUP: 316934
31 12 #SUP: 317536
31 12 17 #SUP: 317510
31 17 #SUP: 317988
16 18 #SUP: 331648
16 18 12 #SUP: 331490
16 18 17 #SUP: 331616
16 18 12 17 #SUP: 331458
16 12 #SUP: 332165
16 12 17 #SUP: 332133
16 17 #SUP: 332382
18 12 #SUP: 338921
18 17 #SUP: 339063
18 12 17 #SUP: 338889
12 17 #SUP: 339569
