12 #SUP: 339601
15 #SUP: 272918
16 #SUP: 332414
17 #SUP: 340151
18 #SUP: 339095
21 #SUP: 302446
24 #SUP: 274213
27 #SUP: 284036
29 #SUP: 299191
31 #SUP: 318014
43 #SUP: 291396
15 12 #SUP: 272399
15 17 #SUP: 272887
15 12 17 #SUP: 272368
24 18 #SUP: 273333
24 18 12 #SUP: 273193
24 18 17 #SUP: 273310
24 18 12 17 #SUP: 273170
24 12 #SUP: 273759
24 12 17 #SUP: 273736
24 17 #SUP: 274190
27 21 #SUP: 272438
27 21 17 #SUP: 272410
27 16 #SUP: 277963
27 16 18 #SUP: 277383
27 16 18 12 #SUP: 277266
27 16 18 17 #SUP: 277355
27 16 18 12 17 #SUP: 277238
27 16 12 #SUP: 277785
27 16 12 17 #SUP: 277757
27 16 17 #SUP: 277935
27 18 #SUP: 283186
27 18 12 #SUP: 283057
27 18 17 #SUP: 283158
27 18 12 17 #SUP: 283029
27 12 #SUP: 283580
27 12 17 #SUP: 283552
27 17 #SUP: 284008
43 31 #SUP: 273126
43 31 18 #SUP: 272362
43 31 18 12 #SUP: 272239
43 31 18 17 #SUP: 272337
43 31 18 12 17 #SUP: 272214
43 31 12 #SUP: 272718
43 31 12 17 #SUP: 272693
43 31 17 #SUP: 273101
43 16 #SUP: 285220
43 16 18 #SUP: 284589
43 16 18 12 #SUP: 284449
43 16 18 17 #SUP: 284559
43 16 18 12 17 #SUP: 284419
43 16 12 #SUP: 285004
43 16 12 17 #SUP: 284974
43 16 17 #SUP: 285190
43 18 #SUP: 290493
43 18 12 #SUP: 290341
43 18 17 #SUP: 290463
43 18 12 17 #SUP: 290311
43 12 #SUP: 290899
43 12 17 #SUP: 290869
43 17 #SUP: 291366
29 31 #SUP: 279681
29 31 16 #SUP: 274211
29 31 16 18 #SUP: 273617
29 31 16 18 12 #SUP: 273500
29 31 16 18 17 #SUP: 273591
29 31 16 18 12 17 #SUP: 273474
29 31 16 12 #SUP: 274039
29 31 16 12 17 #SUP: 274013
29 31 16 17 #SUP: 274185
29 31 18 #SUP: 278848
29 31 18 12 #SUP: 278720
29 31 18 17 #SUP: 278822
29 31 18 12 17 #SUP: 278694
29 31 12 #SUP: 279263
29 31 12 17 #SUP: 279237
29 31 17 #SUP: 279655
29 16 #SUP: 291958
29 16 18 #SUP: 291245
29 16 18 12 #SUP: 291104
29 16 18 17 #SUP: 291213
29 16 18 12 17 #SUP: 291072
29 16 12 #SUP: 291738
29 16 12 17 #SUP: 291706
29 16 17 #SUP: 291926
29 18 #SUP: 298197
29 18 12 #SUP: 298041
29 18 17 #SUP: 298165
29 18 12 17 #SUP: 298009
29 12 #SUP: 298680
29 12 17 #SUP: 298648
29 17 #SUP: 299159
21 31 #SUP: 284154
21 31 16 #SUP: 278779
21 31 16 18 #SUP: 278201
21 31 16 18 12 #SUP: 278080
21 31 16 18 17 #SUP: 278176
21 31 16 18 12 17 #SUP: 278055
21 31 16 12 #SUP: 278603
21 31 16 12 17 #SUP: 278578
21 31 16 17 #SUP: 278754
21 31 18 #SUP: 283334
21 31 18 12 #SUP: 283202
21 31 18 17 #SUP: 283309
21 31 18 12 17 #SUP: 283177
21 31 12 #SUP: 283729
21 31 12 17 #SUP: 283704
21 31 17 #SUP: 284129
21 16 #SUP: 295351
21 16 18 #SUP: 294663
21 16 18 12 #SUP: 294517
21 16 18 17 #SUP: 294632
21 16 18 12 17 #SUP: 294486
21 16 12 #SUP: 295134
21 16 12 17 #SUP: 295103
21 16 17 #SUP: 295320
21 18 #SUP: 301478
21 18 12 #SUP: 301317
21 18 17 #SUP: 301447
21 18 12 17 #SUP: 301286
21 12 #SUP: 301939
21 12 17 #SUP: 301908
21 17 #SUP: 302415
31 16 #SUP: 312204
31 16 18 #SUP: 311569
31 16 18 12 #SUP: 311437
31 16 18 17 #SUP: 311543
31 16 18 12 17 #SUP: 311411
31 16 12 #SUP: 312009
31 16 12 17 #SUP: 311983
31 16 17 #SUP: 312178
31 18 #SUP: 317103
31 18 12 #SUP: 316960
31 18 17 #SUP: 317077
31 18 12 17 #SUP: 316934
31 12 #SUP: 317536
31 12 17 #SUP: 317510
31 17 #SUP: 317988
16 18 #SUP: 331648
16 18 12 #SUP: 331490
16 18 17 #SUP: 331616
16 18 12 17 #SUP: 331458
16 12 #SUP: 332165
16 12 17 #SUP: 332133
16 17 #SUP: 332382
18 12 #SUP: 338921
18 17 #SUP: 339063
18 12 17 #SUP: 338889
12 17 #SUP: 339569
