8 #SUP: 239061
12 #SUP: 339601
15 #SUP: 272918
16 #SUP: 332414
17 #SUP: 340151
18 #SUP: 339095
21 #SUP: 302446
24 #SUP: 274213
25 #SUP: 258434
27 #SUP: 284036
28 #SUP: 270565
29 #SUP: 299191
31 #SUP: 318014
41 #SUP: 264597
43 #SUP: 291396
59 #SUP: 246294
8 18 #SUP: 238295
8 18 12 #SUP: 238172
8 18 17 #SUP: 238275
8 18 12 17 #SUP: 238152
8 12 #SUP: 238657
8 12 17 #SUP: 238637
8 17 #SUP: 239041
59 31 #SUP: 240296
59 31 18 #SUP: 239855
59 31 18 12 #SUP: 239797
59 31 18 17 #SUP: 239836
59 31 18 12 17 #SUP: 239778
59 31 12 #SUP: 240231
59 31 12 17 #SUP: 240212
59 31 17 #SUP: 240277
59 16 #SUP: 242341
59 16 18 #SUP: 241880
59 16 18 12 #SUP: 241828
59 16 18 17 #SUP: 241859
59 16 18 12 17 #SUP: 241807
59 16 12 #SUP: 242288
59 16 12 17 #SUP: 242267
59 16 17 #SUP: 242320
59 18 #SUP: 245825
59 18 12 #SUP: 245766
59 18 17 #SUP: 245804
59 18 12 17 #SUP: 245745
59 12 #SUP: 246228
59 12 17 #SUP: 246207
59 17 #SUP: 246273
25 31 #SUP: 240490
25 31 18 #SUP: 239702
25 31 18 12 #SUP: 239584
25 31 18 17 #SUP: 239681
25 31 18 12 17 #SUP: 239563
25 31 12 #SUP: 240037
25 31 12 17 #SUP: 240016
25 31 17 #SUP: 240469
25 16 #SUP: 252960
25 16 18 #SUP: 252345
25 16 18 12 #SUP: 252213
25 16 18 17 #SUP: 252319
25 16 18 12 17 #SUP: 252187
25 16 12 #SUP: 252737
25 16 12 17 #SUP: 252711
25 16 17 #SUP: 252934
25 18 #SUP: 257502
25 18 12 #SUP: 257358
25 18 17 #SUP: 257476
25 18 12 17 #SUP: 257332
25 12 #SUP: 257882
25 12 17 #SUP: 257856
25 17 #SUP: 258408
41 31 #SUP: 255404
41 31 16 #SUP: 250992
41 31 16 18 #SUP: 250469
41 31 16 18 12 #SUP: 250395
41 31 16 18 17 #SUP: 250447
41 31 16 18 12 17 #SUP: 250373
41 31 16 12 #SUP: 250872
41 31 16 12 17 #SUP: 250850
41 31 16 17 #SUP: 250970
41 31 18 #SUP: 254663
41 31 18 12 #SUP: 254584
41 31 18 17 #SUP: 254641
41 31 18 12 17 #SUP: 254562
41 31 12 #SUP: 255065
41 31 12 17 #SUP: 255043
41 31 17 #SUP: 255382
41 16 #SUP: 259507
41 16 18 #SUP: 258933
41 16 18 12 #SUP: 258854
41 16 18 17 #SUP: 258908
41 16 18 12 17 #SUP: 258829
41 16 12 #SUP: 259377
41 16 12 17 #SUP: 259352
41 16 17 #SUP: 259482
41 18 #SUP: 263796
41 18 12 #SUP: 263711
41 18 17 #SUP: 263771
41 18 12 17 #SUP: 263686
41 12 #SUP: 264239
41 12 17 #SUP: 264214
41 17 #SUP: 264572
28 31 #SUP: 256653
28 31 16 #SUP: 251224
28 31 16 18 #SUP: 250637
28 31 16 18 12 #SUP: 250550
28 31 16 18 17 #SUP: 250614
28 31 16 18 12 17 #SUP: 250527
28 31 16 12 #SUP: 251092
28 31 16 12 17 #SUP: 251069
28 31 16 17 #SUP: 251201
28 31 18 #SUP: 255868
28 31 18 12 #SUP: 255774
28 31 18 17 #SUP: 255845
28 31 18 12 17 #SUP: 255751
28 31 12 #SUP: 256319
28 31 12 17 #SUP: 256296
28 31 17 #SUP: 256630
28 16 #SUP: 263284
28 16 18 #SUP: 262578
28 16 18 12 #SUP: 262482
28 16 18 17 #SUP: 262550
28 16 18 12 17 #SUP: 262454
28 16 12 #SUP: 263120
28 16 12 17 #SUP: 263092
28 16 17 #SUP: 263256
28 18 #SUP: 269629
28 18 12 #SUP: 269522
28 18 17 #SUP: 269601
28 18 12 17 #SUP: 269494
28 12 #SUP: 270164
28 12 17 #SUP: 270136
28 17 #SUP: 270537
15 29 #SUP: 239070
15 29 18 #SUP: 238189
15 29 18 17 #SUP: 238158
15 29 12 #SUP: 238616
15 29 12 17 #SUP: 238585
15 29 17 #SUP: 239039
15 21 #SUP: 243119
15 21 18 #SUP: 242265
15 21 18 12 #SUP: 242164
15 21 18 17 #SUP: 242235
15 21 18 12 17 #SUP: 242134
15 21 12 #SUP: 242672
15 21 12 17 #SUP: 242642
15 21 17 #SUP: 243089
15 31 #SUP: 257417
15 31 16 #SUP: 253049
15 31 16 18 #SUP: 252500
15 31 16 18 12 #SUP: 252415
15 31 16 18 17 #SUP: 252475
15 31 16 18 12 17 #SUP: 252390
15 31 16 12 #SUP: 252901
15 31 16 12 17 #SUP: 252876
15 31 16 17 #SUP: 253024
15 31 18 #SUP: 256594
15 31 18 12 #SUP: 256506
15 31 18 17 #SUP: 256569
15 31 18 12 17 #SUP: 256481
15 31 12 #SUP: 256994
15 31 12 17 #SUP: 256969
15 31 17 #SUP: 257392
15 16 #SUP: 267037
15 16 18 #SUP: 266387
15 16 18 12 #SUP: 266283
15 16 18 17 #SUP: 266356
15 16 18 12 17 #SUP: 266252
15 16 12 #SUP: 266842
15 16 12 17 #SUP: 266811
15 16 17 #SUP: 267006
15 18 #SUP: 271948
15 18 12 #SUP: 271837
15 18 17 #SUP: 271917
15 18 12 17 #SUP: 271806
15 12 #SUP: 272399
15 12 17 #SUP: 272368
15 17 #SUP: 272887
24 29 #SUP: 242229
24 29 18 #SUP: 241425
24 29 18 12 #SUP: 241303
24 29 18 17 #SUP: 241402
24 29 18 12 17 #SUP: 241280
24 29 12 #SUP: 241834
24 29 12 17 #SUP: 241811
24 29 17 #SUP: 242206
24 21 #SUP: 242140
24 21 18 #SUP: 241360
24 21 18 12 #SUP: 241231
24 21 18 17 #SUP: 241338
24 21 18 12 17 #SUP: 241209
24 21 12 #SUP: 241746
24 21 12 17 #SUP: 241724
24 21 17 #SUP: 242118
24 31 #SUP: 257123
24 31 16 #SUP: 252352
24 31 16 18 #SUP: 251825
24 31 16 18 12 #SUP: 251718
24 31 16 18 17 #SUP: 251808
24 31 16 18 12 17 #SUP: 251701
24 31 16 12 #SUP: 252198
24 31 16 12 17 #SUP: 252181
24 31 16 17 #SUP: 252335
24 31 18 #SUP: 256373
24 31 18 12 #SUP: 256259
24 31 18 17 #SUP: 256356
24 31 18 12 17 #SUP: 256242
24 31 12 #SUP: 256742
24 31 12 17 #SUP: 256725
24 31 17 #SUP: 257106
24 16 #SUP: 267887
24 16 18 #SUP: 267256
24 16 18 12 #SUP: 267128
24 16 18 17 #SUP: 267233
24 16 18 12 17 #SUP: 267105
24 16 12 #SUP: 267690
24 16 12 17 #SUP: 267667
24 16 17 #SUP: 267864
24 18 #SUP: 273333
24 18 12 #SUP: 273193
24 18 17 #SUP: 273310
24 18 12 17 #SUP: 273170
24 12 #SUP: 273759
24 12 17 #SUP: 273736
24 17 #SUP: 274190
27 43 #SUP: 243163
27 43 16 #SUP: 238376
27 43 16 12 #SUP: 238219
27 43 16 17 #SUP: 238350
27 43 16 12 17 #SUP: 238193
27 43 18 #SUP: 242454
27 43 18 12 #SUP: 242338
27 43 18 17 #SUP: 242428
27 43 18 12 17 #SUP: 242312
27 43 12 #SUP: 242772
27 43 12 17 #SUP: 242746
27 43 17 #SUP: 243137
27 29 #SUP: 249682
27 29 21 #SUP: 240270
27 29 21 18 #SUP: 239517
27 29 21 18 12 #SUP: 239407
27 29 21 18 17 #SUP: 239489
27 29 21 18 12 17 #SUP: 239379
27 29 21 12 #SUP: 239883
27 29 21 12 17 #SUP: 239855
27 29 21 17 #SUP: 240242
27 29 16 #SUP: 244082
27 29 16 18 #SUP: 243541
27 29 16 18 12 #SUP: 243439
27 29 16 18 17 #SUP: 243513
27 29 16 18 12 17 #SUP: 243411
27 29 16 12 #SUP: 243926
27 29 16 12 17 #SUP: 243898
27 29 16 17 #SUP: 244054
27 29 18 #SUP: 248907
27 29 18 12 #SUP: 248794
27 29 18 17 #SUP: 248879
27 29 18 12 17 #SUP: 248766
27 29 12 #SUP: 249285
27 29 12 17 #SUP: 249257
27 29 17 #SUP: 249654
27 21 #SUP: 272438
27 21 31 #SUP: 256335
27 21 31 16 #SUP: 251980
27 21 31 16 18 #SUP: 251516
27 21 31 16 18 12 #SUP: 251424
27 21 31 16 18 17 #SUP: 251494
27 21 31 16 18 12 17 #SUP: 251402
27 21 31 16 12 #SUP: 251842
27 21 31 16 12 17 #SUP: 251820
27 21 31 16 17 #SUP: 251958
27 21 31 18 #SUP: 255647
27 21 31 18 12 #SUP: 255547
27 21 31 18 17 #SUP: 255625
27 21 31 18 12 17 #SUP: 255525
27 21 31 12 #SUP: 255968
27 21 31 12 17 #SUP: 255946
27 21 31 17 #SUP: 256313
27 21 16 #SUP: 266624
27 21 16 18 #SUP: 266061
27 21 16 18 12 #SUP: 265949
27 21 16 18 17 #SUP: 266033
27 21 16 18 12 17 #SUP: 265921
27 21 16 12 #SUP: 266452
27 21 16 12 17 #SUP: 266424
27 21 16 17 #SUP: 266596
27 21 18 #SUP: 271615
27 21 18 12 #SUP: 271492
27 21 18 17 #SUP: 271587
27 21 18 12 17 #SUP: 271464
27 21 12 #SUP: 271999
27 21 12 17 #SUP: 271971
27 21 17 #SUP: 272410
27 31 #SUP: 266632
27 31 16 #SUP: 262118
27 31 16 18 #SUP: 261640
27 31 16 18 12 #SUP: 261543
27 31 16 18 17 #SUP: 261618
27 31 16 18 12 17 #SUP: 261521
27 31 16 12 #SUP: 261975
27 31 16 12 17 #SUP: 261953
27 31 16 17 #SUP: 262096
27 31 18 #SUP: 265923
27 31 18 12 #SUP: 265818
27 31 18 17 #SUP: 265901
27 31 18 12 17 #SUP: 265796
27 31 12 #SUP: 266253
27 31 12 17 #SUP: 266231
27 31 17 #SUP: 266610
27 16 #SUP: 277963
27 16 18 #SUP: 277383
27 16 18 12 #SUP: 277266
27 16 18 17 #SUP: 277355
27 16 18 12 17 #SUP: 277238
27 16 12 #SUP: 277785
27 16 12 17 #SUP: 277757
27 16 17 #SUP: 277935
27 18 #SUP: 283186
27 18 12 #SUP: 283057
27 18 17 #SUP: 283158
27 18 12 17 #SUP: 283029
27 12 #SUP: 283580
27 12 17 #SUP: 283552
27 17 #SUP: 284008
43 29 #SUP: 256190
43 29 31 #SUP: 240102
43 29 31 18 #SUP: 239409
43 29 31 18 12 #SUP: 239301
43 29 31 18 17 #SUP: 239384
43 29 31 18 12 17 #SUP: 239276
43 29 31 12 #SUP: 239749
43 29 31 12 17 #SUP: 239724
43 29 31 17 #SUP: 240077
43 29 16 #SUP: 250450
43 29 16 18 #SUP: 249866
43 29 16 18 12 #SUP: 249743
43 29 16 18 17 #SUP: 249836
43 29 16 18 12 17 #SUP: 249713
43 29 16 12 #SUP: 250262
43 29 16 12 17 #SUP: 250232
43 29 16 17 #SUP: 250420
43 29 18 #SUP: 255368
43 29 18 12 #SUP: 255234
43 29 18 17 #SUP: 255338
43 29 18 12 17 #SUP: 255204
43 29 12 #SUP: 255756
43 29 12 17 #SUP: 255726
43 29 17 #SUP: 256160
43 21 #SUP: 258402
43 21 31 #SUP: 243422
43 21 31 16 #SUP: 239101
43 21 31 16 18 #SUP: 238625
43 21 31 16 18 12 #SUP: 238518
43 21 31 16 18 17 #SUP: 238601
43 21 31 16 18 12 17 #SUP: 238494
43 21 31 16 12 #SUP: 238949
43 21 31 16 12 17 #SUP: 238925
43 21 31 16 17 #SUP: 239077
43 21 31 18 #SUP: 242740
43 21 31 18 12 #SUP: 242626
43 21 31 18 17 #SUP: 242716
43 21 31 18 12 17 #SUP: 242602
43 21 31 12 #SUP: 243060
43 21 31 12 17 #SUP: 243036
43 21 31 17 #SUP: 243398
43 21 16 #SUP: 252747
43 21 16 18 #SUP: 252185
43 21 16 18 12 #SUP: 252055
43 21 16 18 17 #SUP: 252156
43 21 16 18 12 17 #SUP: 252026
43 21 16 12 #SUP: 252559
43 21 16 12 17 #SUP: 252530
43 21 16 17 #SUP: 252718
43 21 18 #SUP: 257603
43 21 18 12 #SUP: 257462
43 21 18 17 #SUP: 257574
43 21 18 12 17 #SUP: 257433
43 21 12 #SUP: 257969
43 21 12 17 #SUP: 257940
43 21 17 #SUP: 258373
43 31 #SUP: 273126
43 31 16 #SUP: 268464
43 31 16 18 #SUP: 267936
43 31 16 18 12 #SUP: 267820
43 31 16 18 17 #SUP: 267911
43 31 16 18 12 17 #SUP: 267795
43 31 16 12 #SUP: 268296
43 31 16 12 17 #SUP: 268271
43 31 16 17 #SUP: 268439
43 31 18 #SUP: 272362
43 31 18 12 #SUP: 272239
43 31 18 17 #SUP: 272337
43 31 18 12 17 #SUP: 272214
43 31 12 #SUP: 272718
43 31 12 17 #SUP: 272693
43 31 17 #SUP: 273101
43 16 #SUP: 285220
43 16 18 #SUP: 284589
43 16 18 12 #SUP: 284449
43 16 18 17 #SUP: 284559
43 16 18 12 17 #SUP: 284419
43 16 12 #SUP: 285004
43 16 12 17 #SUP: 284974
43 16 17 #SUP: 285190
43 18 #SUP: 290493
43 18 12 #SUP: 290341
43 18 17 #SUP: 290463
43 18 12 17 #SUP: 290311
43 12 #SUP: 290899
43 12 17 #SUP: 290869
43 17 #SUP: 291366
29 21 #SUP: 268665
29 21 31 #SUP: 252402
29 21 31 16 #SUP: 247325
29 21 31 16 18 #SUP: 246780
29 21 31 16 18 12 #SUP: 246671
29 21 31 16 18 17 #SUP: 246755
29 21 31 16 18 12 17 #SUP: 246646
29 21 31 16 12 #SUP: 247166
29 21 31 16 12 17 #SUP: 247141
29 21 31 16 17 #SUP: 247300
29 21 31 18 #SUP: 251644
29 21 31 18 12 #SUP: 251524
29 21 31 18 17 #SUP: 251619
29 21 31 18 12 17 #SUP: 251499
29 21 31 12 #SUP: 252023
29 21 31 12 17 #SUP: 251998
29 21 31 17 #SUP: 252377
29 21 16 #SUP: 262034
29 21 16 18 #SUP: 261389
29 21 16 18 12 #SUP: 261257
29 21 16 18 17 #SUP: 261358
29 21 16 18 12 17 #SUP: 261226
29 21 16 12 #SUP: 261839
29 21 16 12 17 #SUP: 261808
29 21 16 17 #SUP: 262003
29 21 18 #SUP: 267772
29 21 18 12 #SUP: 267625
29 21 18 17 #SUP: 267741
29 21 18 12 17 #SUP: 267594
29 21 12 #SUP: 268212
29 21 12 17 #SUP: 268181
29 21 17 #SUP: 268634
29 31 #SUP: 279681
29 31 16 #SUP: 274211
29 31 16 18 #SUP: 273617
29 31 16 18 12 #SUP: 273500
29 31 16 18 17 #SUP: 273591
29 31 16 18 12 17 #SUP: 273474
29 31 16 12 #SUP: 274039
29 31 16 12 17 #SUP: 274013
29 31 16 17 #SUP: 274185
29 31 18 #SUP: 278848
29 31 18 12 #SUP: 278720
29 31 18 17 #SUP: 278822
29 31 18 12 17 #SUP: 278694
29 31 12 #SUP: 279263
29 31 12 17 #SUP: 279237
29 31 17 #SUP: 279655
29 16 #SUP: 291958
29 16 18 #SUP: 291245
29 16 18 12 #SUP: 291104
29 16 18 17 #SUP: 291213
29 16 18 12 17 #SUP: 291072
29 16 12 #SUP: 291738
29 16 12 17 #SUP: 291706
29 16 17 #SUP: 291926
29 18 #SUP: 298197
29 18 12 #SUP: 298041
29 18 17 #SUP: 298165
29 18 12 17 #SUP: 298009
29 12 #SUP: 298680
29 12 17 #SUP: 298648
29 17 #SUP: 299159
21 31 #SUP: 284154
21 31 16 #SUP: 278779
21 31 16 18 #SUP: 278201
21 31 16 18 12 #SUP: 278080
21 31 16 18 17 #SUP: 278176
21 31 16 18 12 17 #SUP: 278055
21 31 16 12 #SUP: 278603
21 31 16 12 17 #SUP: 278578
21 31 16 17 #SUP: 278754
21 31 18 #SUP: 283334
21 31 18 12 #SUP: 283202
21 31 18 17 #SUP: 283309
21 31 18 12 17 #SUP: 283177
21 31 12 #SUP: 283729
21 31 12 17 #SUP: 283704
21 31 17 #SUP: 284129
21 16 #SUP: 295351
21 16 18 #SUP: 294663
21 16 18 12 #SUP: 294517
21 16 18 17 #SUP: 294632
21 16 18 12 17 #SUP: 294486
21 16 12 #SUP: 295134
21 16 12 17 #SUP: 295103
21 16 17 #SUP: 295320
21 18 #SUP: 301478
21 18 12 #SUP: 301317
21 18 17 #SUP: 301447
21 18 12 17 #SUP: 301286
21 12 #SUP: 301939
21 12 17 #SUP: 301908
21 17 #SUP: 302415
31 16 #SUP: 312204
31 16 18 #SUP: 311569
31 16 18 12 #SUP: 311437
31 16 18 17 #SUP: 311543
31 16 18 12 17 #SUP: 311411
31 16 12 #SUP: 312009
31 16 12 17 #SUP: 311983
31 16 17 #SUP: 312178
31 18 #SUP: 317103
31 18 12 #SUP: 316960
31 18 17 #SUP: 317077
31 18 12 17 #SUP: 316934
31 12 #SUP: 317536
31 12 17 #SUP: 317510
31 17 #SUP: 317988
16 18 #SUP: 331648
16 18 12 #SUP: 331490
16 18 17 #SUP: 331616
16 18 12 17 #SUP: 331458
16 12 #SUP: 332165
16 12 17 #SUP: 332133
16 17 #SUP: 332382
18 12 #SUP: 338921
18 17 #SUP: 339063
18 12 17 #SUP: 338889
12 17 #SUP: 339569
