12 #SUP: 339601
16 #SUP: 332414
17 #SUP: 340151
18 #SUP: 339095
31 #SUP: 318014
31 16 #SUP: 312204
31 16 18 #SUP: 311569
31 16 18 12 #SUP: 311437
31 16 18 17 #SUP: 311543
31 16 18 12 17 #SUP: 311411
31 16 12 #SUP: 312009
31 16 12 17 #SUP: 311983
31 16 17 #SUP: 312178
31 18 #SUP: 317103
31 18 12 #SUP: 316960
31 18 17 #SUP: 317077
31 18 12 17 #SUP: 316934
31 12 #SUP: 317536
31 12 17 #SUP: 317510
31 17 #SUP: 317988
16 18 #SUP: 331648
16 18 12 #SUP: 331490
16 18 17 #SUP: 331616
16 18 12 17 #SUP: 331458
16 12 #SUP: 332165
16 12 17 #SUP: 332133
16 17 #SUP: 332382
18 12 #SUP: 338921
18 17 #SUP: 339063
18 12 17 #SUP: 338889
12 17 #SUP: 339569
