1 #SUP: 4488
2 #SUP: 3928
5 #SUP: 3796
24 #SUP: 5040
31 #SUP: 3808
36 #SUP: 8200
38 #SUP: 6824
41 #SUP: 5880
56 #SUP: 4864
57 #SUP: 3800
67 #SUP: 5316
71 #SUP: 5076
79 #SUP: 4744
88 #SUP: 4640
90 #SUP: 8416
94 #SUP: 8216
97 #SUP: 7768
104 #SUP: 3968
120 #SUP: 4064
5 90 #SUP: 3796
57 36 #SUP: 3800
57 94 #SUP: 3800
57 36 #SUP: 3800
57 94 #SUP: 3800
57 36 94 #SUP: 3800
57 90 #SUP: 3800
57 36 #SUP: 3800
57 90 #SUP: 3800
57 36 90 #SUP: 3800
57 94 #SUP: 3800
57 90 #SUP: 3800
57 94 90 #SUP: 3800
57 36 #SUP: 3800
57 94 #SUP: 3800
57 90 #SUP: 3800
57 36 94 90 #SUP: 3800
31 90 #SUP: 3808
2 38 #SUP: 3816
2 38 36 #SUP: 3792
2 38 36 94 #SUP: 3792
2 38 36 90 #SUP: 3792
2 38 36 94 90 #SUP: 3792
2 38 94 #SUP: 3816
2 38 94 90 #SUP: 3816
2 38 90 #SUP: 3816
2 97 #SUP: 3808
2 97 36 #SUP: 3808
2 97 36 94 #SUP: 3800
2 97 36 90 #SUP: 3808
2 97 36 94 90 #SUP: 3800
2 97 94 #SUP: 3800
2 97 94 90 #SUP: 3800
2 97 90 #SUP: 3808
2 36 #SUP: 3904
2 36 94 #SUP: 3896
2 36 90 #SUP: 3904
2 36 94 90 #SUP: 3896
2 94 #SUP: 3920
2 94 90 #SUP: 3920
2 90 #SUP: 3928
104 90 #SUP: 3968
120 38 #SUP: 3848
120 38 90 #SUP: 3848
120 97 #SUP: 3976
120 97 36 #SUP: 3880
120 97 36 94 #SUP: 3880
120 97 36 90 #SUP: 3880
120 97 36 94 90 #SUP: 3880
120 97 94 #SUP: 3880
120 97 94 90 #SUP: 3880
120 97 90 #SUP: 3976
120 36 #SUP: 3968
120 36 94 #SUP: 3968
120 36 90 #SUP: 3968
120 36 94 90 #SUP: 3968
120 94 #SUP: 3968
120 94 90 #SUP: 3968
120 90 #SUP: 4064
1 41 #SUP: 4176
1 41 36 #SUP: 3984
1 41 36 94 #SUP: 3984
1 41 36 90 #SUP: 3984
1 41 36 94 90 #SUP: 3984
1 41 94 #SUP: 3984
1 41 94 90 #SUP: 3984
1 41 90 #SUP: 4176
1 97 #SUP: 3960
1 97 90 #SUP: 3960
1 36 #SUP: 4296
1 36 94 #SUP: 4296
1 36 90 #SUP: 4296
1 36 94 90 #SUP: 4296
1 94 #SUP: 4296
1 94 90 #SUP: 4296
1 90 #SUP: 4488
88 97 #SUP: 4152
88 97 36 #SUP: 4152
88 97 94 #SUP: 4152
88 97 36 #SUP: 4152
88 97 94 #SUP: 4152
88 97 36 94 #SUP: 4152
88 97 90 #SUP: 4152
88 97 36 #SUP: 4152
88 97 90 #SUP: 4152
88 97 36 90 #SUP: 4152
88 97 94 #SUP: 4152
88 97 90 #SUP: 4152
88 97 94 90 #SUP: 4152
88 97 36 #SUP: 4152
88 97 94 #SUP: 4152
88 97 90 #SUP: 4152
88 97 36 94 90 #SUP: 4152
88 36 #SUP: 4640
88 36 94 #SUP: 4640
88 36 90 #SUP: 4640
88 36 94 90 #SUP: 4640
88 94 #SUP: 4640
88 94 90 #SUP: 4640
88 90 #SUP: 4640
79 97 #SUP: 4256
79 97 36 #SUP: 4256
79 97 94 #SUP: 4256
79 97 36 #SUP: 4256
79 97 94 #SUP: 4256
79 97 36 94 #SUP: 4256
79 97 90 #SUP: 4256
79 97 36 #SUP: 4256
79 97 90 #SUP: 4256
79 97 36 90 #SUP: 4256
79 97 94 #SUP: 4256
79 97 90 #SUP: 4256
79 97 94 90 #SUP: 4256
79 97 36 #SUP: 4256
79 97 94 #SUP: 4256
79 97 90 #SUP: 4256
79 97 36 94 90 #SUP: 4256
79 36 #SUP: 4744
79 36 94 #SUP: 4744
79 36 90 #SUP: 4744
79 36 94 90 #SUP: 4744
79 94 #SUP: 4744
79 94 90 #SUP: 4744
79 90 #SUP: 4744
56 97 #SUP: 4864
56 36 #SUP: 4864
56 97 #SUP: 4864
56 36 #SUP: 4864
56 97 36 #SUP: 4864
56 94 #SUP: 4864
56 97 #SUP: 4864
56 94 #SUP: 4864
56 97 94 #SUP: 4864
56 36 #SUP: 4864
56 94 #SUP: 4864
56 36 94 #SUP: 4864
56 97 #SUP: 4864
56 36 #SUP: 4864
56 94 #SUP: 4864
56 97 36 94 #SUP: 4864
56 90 #SUP: 4864
56 97 #SUP: 4864
56 90 #SUP: 4864
56 97 90 #SUP: 4864
56 36 #SUP: 4864
56 90 #SUP: 4864
56 36 90 #SUP: 4864
56 97 #SUP: 4864
56 36 #SUP: 4864
56 90 #SUP: 4864
56 97 36 90 #SUP: 4864
56 94 #SUP: 4864
56 90 #SUP: 4864
56 94 90 #SUP: 4864
56 97 #SUP: 4864
56 94 #SUP: 4864
56 90 #SUP: 4864
56 97 94 90 #SUP: 4864
56 36 #SUP: 4864
56 94 #SUP: 4864
56 90 #SUP: 4864
56 36 94 90 #SUP: 4864
56 97 #SUP: 4864
56 36 #SUP: 4864
56 94 #SUP: 4864
56 90 #SUP: 4864
56 97 36 94 90 #SUP: 4864
24 97 #SUP: 4688
24 97 36 #SUP: 4496
24 97 36 94 #SUP: 4488
24 97 36 90 #SUP: 4496
24 97 36 94 90 #SUP: 4488
24 97 94 #SUP: 4488
24 97 94 90 #SUP: 4488
24 97 90 #SUP: 4688
24 36 #SUP: 4824
24 36 94 #SUP: 4816
24 36 90 #SUP: 4824
24 36 94 90 #SUP: 4816
24 94 #SUP: 4840
24 94 90 #SUP: 4840
24 90 #SUP: 5040
71 67 #SUP: 4226
71 67 97 #SUP: 3858
71 67 97 90 #SUP: 3858
71 67 36 #SUP: 4034
71 67 36 94 #SUP: 4034
71 67 36 90 #SUP: 4034
71 67 36 94 90 #SUP: 4034
71 67 94 #SUP: 4034
71 67 94 90 #SUP: 4034
71 67 90 #SUP: 4226
71 38 #SUP: 4184
71 38 97 #SUP: 3888
71 38 97 90 #SUP: 3888
71 38 36 #SUP: 3992
71 38 36 94 #SUP: 3992
71 38 36 90 #SUP: 3992
71 38 36 94 90 #SUP: 3992
71 38 94 #SUP: 3992
71 38 94 90 #SUP: 3992
71 38 90 #SUP: 4184
71 97 #SUP: 4636
71 97 36 #SUP: 4444
71 97 36 94 #SUP: 4444
71 97 36 90 #SUP: 4444
71 97 36 94 90 #SUP: 4444
71 97 94 #SUP: 4444
71 97 94 90 #SUP: 4444
71 97 90 #SUP: 4636
71 36 #SUP: 4884
71 36 94 #SUP: 4884
71 36 90 #SUP: 4884
71 36 94 90 #SUP: 4884
71 94 #SUP: 4884
71 94 90 #SUP: 4884
71 90 #SUP: 5076
67 38 #SUP: 4424
67 38 97 #SUP: 4128
67 38 97 36 #SUP: 3936
67 38 97 36 94 #SUP: 3936
67 38 97 36 90 #SUP: 3936
67 38 97 36 94 90 #SUP: 3936
67 38 97 94 #SUP: 3936
67 38 97 94 90 #SUP: 3936
67 38 97 90 #SUP: 4128
67 38 36 #SUP: 4232
67 38 36 94 #SUP: 4232
67 38 36 90 #SUP: 4232
67 38 36 94 90 #SUP: 4232
67 38 94 #SUP: 4232
67 38 94 90 #SUP: 4232
67 38 90 #SUP: 4424
67 97 #SUP: 4876
67 97 36 #SUP: 4684
67 97 36 94 #SUP: 4684
67 97 36 90 #SUP: 4684
67 97 36 94 90 #SUP: 4684
67 97 94 #SUP: 4684
67 97 94 90 #SUP: 4684
67 97 90 #SUP: 4876
67 36 #SUP: 5124
67 36 94 #SUP: 5124
67 36 90 #SUP: 5124
67 36 94 90 #SUP: 5124
67 94 #SUP: 5124
67 94 90 #SUP: 5124
67 90 #SUP: 5316
41 38 #SUP: 4568
41 38 97 #SUP: 4208
41 38 97 36 #SUP: 4016
41 38 97 36 94 #SUP: 4016
41 38 97 36 90 #SUP: 4016
41 38 97 36 94 90 #SUP: 4016
41 38 97 94 #SUP: 4016
41 38 97 94 90 #SUP: 4016
41 38 97 90 #SUP: 4208
41 38 36 #SUP: 4352
41 38 36 94 #SUP: 4352
41 38 36 90 #SUP: 4352
41 38 36 94 90 #SUP: 4352
41 38 94 #SUP: 4376
41 38 94 90 #SUP: 4376
41 38 90 #SUP: 4568
41 97 #SUP: 5232
41 97 36 #SUP: 5040
41 97 36 94 #SUP: 5040
41 97 36 90 #SUP: 5040
41 97 36 94 90 #SUP: 5040
41 97 94 #SUP: 5040
41 97 94 90 #SUP: 5040
41 97 90 #SUP: 5232
41 36 #SUP: 5664
41 36 94 #SUP: 5664
41 36 90 #SUP: 5664
41 36 94 90 #SUP: 5664
41 94 #SUP: 5688
41 94 90 #SUP: 5688
41 90 #SUP: 5880
38 97 #SUP: 6464
38 97 36 #SUP: 6272
38 97 36 94 #SUP: 6272
38 97 36 90 #SUP: 6272
38 97 36 94 90 #SUP: 6272
38 97 94 #SUP: 6272
38 97 94 90 #SUP: 6272
38 97 90 #SUP: 6464
38 36 #SUP: 6608
38 36 94 #SUP: 6608
38 36 90 #SUP: 6608
38 36 94 90 #SUP: 6608
38 94 #SUP: 6632
38 94 90 #SUP: 6632
38 90 #SUP: 6824
97 36 #SUP: 7576
97 36 94 #SUP: 7568
97 36 90 #SUP: 7576
97 36 94 90 #SUP: 7568
97 94 #SUP: 7568
97 94 90 #SUP: 7568
97 90 #SUP: 7768
36 94 #SUP: 8192
36 90 #SUP: 8200
36 94 90 #SUP: 8192
94 90 #SUP: 8216
