1 #SUP: 4488
2 #SUP: 3928
5 #SUP: 3796
6 #SUP: 3292
11 #SUP: 3268
12 #SUP: 2684
23 #SUP: 3376
24 #SUP: 5040
31 #SUP: 3808
36 #SUP: 8200
38 #SUP: 6824
41 #SUP: 5880
42 #SUP: 2536
55 #SUP: 3552
56 #SUP: 4864
57 #SUP: 3800
67 #SUP: 5316
71 #SUP: 5076
79 #SUP: 4744
88 #SUP: 4640
90 #SUP: 8416
94 #SUP: 8216
97 #SUP: 7768
100 #SUP: 3056
104 #SUP: 3968
120 #SUP: 4064
128 #SUP: 3160
42 97 #SUP: 2536
42 97 36 #SUP: 2536
42 97 36 94 #SUP: 2528
42 97 36 90 #SUP: 2536
42 97 36 94 90 #SUP: 2528
42 97 94 #SUP: 2528
42 97 94 90 #SUP: 2528
42 97 90 #SUP: 2536
42 36 #SUP: 2536
42 36 94 #SUP: 2528
42 36 90 #SUP: 2536
42 36 94 90 #SUP: 2528
42 94 #SUP: 2528
42 94 90 #SUP: 2528
42 90 #SUP: 2536
12 90 #SUP: 2684
100 56 #SUP: 2752
100 56 24 #SUP: 2752
100 56 97 #SUP: 2752
100 56 24 #SUP: 2752
100 56 97 #SUP: 2752
100 56 24 97 #SUP: 2752
100 56 36 #SUP: 2752
100 56 24 #SUP: 2752
100 56 36 #SUP: 2752
100 56 24 36 #SUP: 2752
100 56 97 #SUP: 2752
100 56 36 #SUP: 2752
100 56 97 36 #SUP: 2752
100 56 24 #SUP: 2752
100 56 97 #SUP: 2752
100 56 36 #SUP: 2752
100 56 24 97 36 #SUP: 2752
100 56 94 #SUP: 2752
100 56 24 #SUP: 2752
100 56 94 #SUP: 2752
100 56 24 94 #SUP: 2752
100 56 97 #SUP: 2752
100 56 94 #SUP: 2752
100 56 97 94 #SUP: 2752
100 56 24 #SUP: 2752
100 56 97 #SUP: 2752
100 56 94 #SUP: 2752
100 56 24 97 94 #SUP: 2752
100 56 36 #SUP: 2752
100 56 94 #SUP: 2752
100 56 36 94 #SUP: 2752
100 56 24 #SUP: 2752
100 56 36 #SUP: 2752
100 56 94 #SUP: 2752
100 56 24 36 94 #SUP: 2752
100 56 97 #SUP: 2752
100 56 36 #SUP: 2752
100 56 94 #SUP: 2752
100 56 97 36 94 #SUP: 2752
100 56 24 #SUP: 2752
100 56 97 #SUP: 2752
100 56 36 #SUP: 2752
100 56 94 #SUP: 2752
100 56 24 97 36 94 #SUP: 2752
100 56 90 #SUP: 2752
100 56 24 #SUP: 2752
100 56 90 #SUP: 2752
100 56 24 90 #SUP: 2752
100 56 97 #SUP: 2752
100 56 90 #SUP: 2752
100 56 97 90 #SUP: 2752
100 56 24 #SUP: 2752
100 56 97 #SUP: 2752
100 56 90 #SUP: 2752
100 56 24 97 90 #SUP: 2752
100 56 36 #SUP: 2752
100 56 90 #SUP: 2752
100 56 36 90 #SUP: 2752
100 56 24 #SUP: 2752
100 56 36 #SUP: 2752
100 56 90 #SUP: 2752
100 56 24 36 90 #SUP: 2752
100 56 97 #SUP: 2752
100 56 36 #SUP: 2752
100 56 90 #SUP: 2752
100 56 97 36 90 #SUP: 2752
100 56 24 #SUP: 2752
100 56 97 #SUP: 2752
100 56 36 #SUP: 2752
100 56 90 #SUP: 2752
100 56 24 97 36 90 #SUP: 2752
100 56 94 #SUP: 2752
100 56 90 #SUP: 2752
100 56 94 90 #SUP: 2752
100 56 24 #SUP: 2752
100 56 94 #SUP: 2752
100 56 90 #SUP: 2752
100 56 24 94 90 #SUP: 2752
100 56 97 #SUP: 2752
100 56 94 #SUP: 2752
100 56 90 #SUP: 2752
100 56 97 94 90 #SUP: 2752
100 56 24 #SUP: 2752
100 56 97 #SUP: 2752
100 56 94 #SUP: 2752
100 56 90 #SUP: 2752
100 56 24 97 94 90 #SUP: 2752
100 56 36 #SUP: 2752
100 56 94 #SUP: 2752
100 56 90 #SUP: 2752
100 56 36 94 90 #SUP: 2752
100 56 24 #SUP: 2752
100 56 36 #SUP: 2752
100 56 94 #SUP: 2752
100 56 90 #SUP: 2752
100 56 24 36 94 90 #SUP: 2752
100 56 97 #SUP: 2752
100 56 36 #SUP: 2752
100 56 94 #SUP: 2752
100 56 90 #SUP: 2752
100 56 97 36 94 90 #SUP: 2752
100 56 24 #SUP: 2752
100 56 97 #SUP: 2752
100 56 36 #SUP: 2752
100 56 94 #SUP: 2752
100 56 90 #SUP: 2752
100 56 24 97 36 94 90 #SUP: 2752
100 24 #SUP: 2864
100 24 97 #SUP: 2864
100 24 97 36 #SUP: 2864
100 24 97 36 94 #SUP: 2856
100 24 97 36 90 #SUP: 2864
100 24 97 36 94 90 #SUP: 2856
100 24 97 94 #SUP: 2856
100 24 97 94 90 #SUP: 2856
100 24 97 90 #SUP: 2864
100 24 36 #SUP: 2864
100 24 36 94 #SUP: 2856
100 24 36 90 #SUP: 2864
100 24 36 94 90 #SUP: 2856
100 24 94 #SUP: 2856
100 24 94 90 #SUP: 2856
100 24 90 #SUP: 2864
100 97 #SUP: 2864
100 97 36 #SUP: 2864
100 97 36 94 #SUP: 2856
100 97 36 90 #SUP: 2864
100 97 36 94 90 #SUP: 2856
100 97 94 #SUP: 2856
100 97 94 90 #SUP: 2856
100 97 90 #SUP: 2864
100 36 #SUP: 3056
100 36 94 #SUP: 3048
100 36 90 #SUP: 3056
100 36 94 90 #SUP: 3048
100 94 #SUP: 3048
100 94 90 #SUP: 3048
100 90 #SUP: 3056
128 38 #SUP: 2968
128 38 97 #SUP: 2912
128 38 97 36 #SUP: 2912
128 38 97 94 #SUP: 2912
128 38 97 36 #SUP: 2912
128 38 97 94 #SUP: 2912
128 38 97 36 94 #SUP: 2912
128 38 97 90 #SUP: 2912
128 38 97 36 #SUP: 2912
128 38 97 90 #SUP: 2912
128 38 97 36 90 #SUP: 2912
128 38 97 94 #SUP: 2912
128 38 97 90 #SUP: 2912
128 38 97 94 90 #SUP: 2912
128 38 97 36 #SUP: 2912
128 38 97 94 #SUP: 2912
128 38 97 90 #SUP: 2912
128 38 97 36 94 90 #SUP: 2912
128 38 36 #SUP: 2944
128 38 36 94 #SUP: 2944
128 38 36 90 #SUP: 2944
128 38 36 94 90 #SUP: 2944
128 38 94 #SUP: 2968
128 38 94 90 #SUP: 2968
128 38 90 #SUP: 2968
128 97 #SUP: 3104
128 97 36 #SUP: 3104
128 97 94 #SUP: 3104
128 97 36 #SUP: 3104
128 97 94 #SUP: 3104
128 97 36 94 #SUP: 3104
128 97 90 #SUP: 3104
128 97 36 #SUP: 3104
128 97 90 #SUP: 3104
128 97 36 90 #SUP: 3104
128 97 94 #SUP: 3104
128 97 90 #SUP: 3104
128 97 94 90 #SUP: 3104
128 97 36 #SUP: 3104
128 97 94 #SUP: 3104
128 97 90 #SUP: 3104
128 97 36 94 90 #SUP: 3104
128 36 #SUP: 3136
128 36 94 #SUP: 3136
128 36 90 #SUP: 3136
128 36 94 90 #SUP: 3136
128 94 #SUP: 3160
128 94 90 #SUP: 3160
128 90 #SUP: 3160
11 38 #SUP: 3220
11 38 97 #SUP: 3016
11 38 97 36 #SUP: 3016
11 38 97 94 #SUP: 3016
11 38 97 36 #SUP: 3016
11 38 97 94 #SUP: 3016
11 38 97 36 94 #SUP: 3016
11 38 97 90 #SUP: 3016
11 38 97 36 #SUP: 3016
11 38 97 90 #SUP: 3016
11 38 97 36 90 #SUP: 3016
11 38 97 94 #SUP: 3016
11 38 97 90 #SUP: 3016
11 38 97 94 90 #SUP: 3016
11 38 97 36 #SUP: 3016
11 38 97 94 #SUP: 3016
11 38 97 90 #SUP: 3016
11 38 97 36 94 90 #SUP: 3016
11 38 36 #SUP: 3196
11 38 36 94 #SUP: 3196
11 38 36 90 #SUP: 3196
11 38 36 94 90 #SUP: 3196
11 38 94 #SUP: 3220
11 38 94 90 #SUP: 3220
11 38 90 #SUP: 3220
11 97 #SUP: 3064
11 97 36 #SUP: 3064
11 97 36 94 #SUP: 3056
11 97 36 90 #SUP: 3064
11 97 36 94 90 #SUP: 3056
11 97 94 #SUP: 3056
11 97 94 90 #SUP: 3056
11 97 90 #SUP: 3064
11 36 #SUP: 3244
11 36 94 #SUP: 3236
11 36 90 #SUP: 3244
11 36 94 90 #SUP: 3236
11 94 #SUP: 3260
11 94 90 #SUP: 3260
11 90 #SUP: 3268
6 38 #SUP: 2704
6 38 97 #SUP: 2568
6 38 97 90 #SUP: 2568
6 38 36 #SUP: 2648
6 38 36 94 #SUP: 2648
6 38 36 90 #SUP: 2648
6 38 36 94 90 #SUP: 2648
6 38 94 #SUP: 2656
6 38 94 90 #SUP: 2656
6 38 90 #SUP: 2704
6 97 #SUP: 3156
6 97 36 #SUP: 3108
6 97 36 94 #SUP: 3106
6 97 36 90 #SUP: 3108
6 97 36 94 90 #SUP: 3106
6 97 94 #SUP: 3106
6 97 94 90 #SUP: 3106
6 97 90 #SUP: 3156
6 36 #SUP: 3236
6 36 94 #SUP: 3234
6 36 90 #SUP: 3236
6 36 94 90 #SUP: 3234
6 94 #SUP: 3242
6 94 90 #SUP: 3242
6 90 #SUP: 3292
23 104 #SUP: 3184
23 104 1 #SUP: 2560
23 104 1 67 #SUP: 2560
23 104 1 67 97 #SUP: 2528
23 104 1 67 97 36 #SUP: 2528
23 104 1 67 97 94 #SUP: 2528
23 104 1 67 97 36 #SUP: 2528
23 104 1 67 97 94 #SUP: 2528
23 104 1 67 97 36 94 #SUP: 2528
23 104 1 67 97 90 #SUP: 2528
23 104 1 67 97 36 #SUP: 2528
23 104 1 67 97 90 #SUP: 2528
23 104 1 67 97 36 90 #SUP: 2528
23 104 1 67 97 94 #SUP: 2528
23 104 1 67 97 90 #SUP: 2528
23 104 1 67 97 94 90 #SUP: 2528
23 104 1 67 97 36 #SUP: 2528
23 104 1 67 97 94 #SUP: 2528
23 104 1 67 97 90 #SUP: 2528
23 104 1 67 97 36 94 90 #SUP: 2528
23 104 1 67 36 #SUP: 2560
23 104 1 67 36 94 #SUP: 2560
23 104 1 67 36 90 #SUP: 2560
23 104 1 67 36 94 90 #SUP: 2560
23 104 1 67 94 #SUP: 2560
23 104 1 67 94 90 #SUP: 2560
23 104 1 67 90 #SUP: 2560
23 104 1 97 #SUP: 2528
23 104 1 97 36 #SUP: 2528
23 104 1 97 94 #SUP: 2528
23 104 1 97 36 #SUP: 2528
23 104 1 97 94 #SUP: 2528
23 104 1 97 36 94 #SUP: 2528
23 104 1 97 90 #SUP: 2528
23 104 1 97 36 #SUP: 2528
23 104 1 97 90 #SUP: 2528
23 104 1 97 36 90 #SUP: 2528
23 104 1 97 94 #SUP: 2528
23 104 1 97 90 #SUP: 2528
23 104 1 97 94 90 #SUP: 2528
23 104 1 97 36 #SUP: 2528
23 104 1 97 94 #SUP: 2528
23 104 1 97 90 #SUP: 2528
23 104 1 97 36 94 90 #SUP: 2528
23 104 1 36 #SUP: 2560
23 104 1 36 94 #SUP: 2560
23 104 1 36 90 #SUP: 2560
23 104 1 36 94 90 #SUP: 2560
23 104 1 94 #SUP: 2560
23 104 1 94 90 #SUP: 2560
23 104 1 90 #SUP: 2560
23 104 71 #SUP: 2848
23 104 71 67 #SUP: 2776
23 104 71 67 38 #SUP: 2672
23 104 71 67 38 97 #SUP: 2568
23 104 71 67 38 97 36 #SUP: 2568
23 104 71 67 38 97 94 #SUP: 2568
23 104 71 67 38 97 36 #SUP: 2568
23 104 71 67 38 97 94 #SUP: 2568
23 104 71 67 38 97 36 94 #SUP: 2568
23 104 71 67 38 97 90 #SUP: 2568
23 104 71 67 38 97 36 #SUP: 2568
23 104 71 67 38 97 90 #SUP: 2568
23 104 71 67 38 97 36 90 #SUP: 2568
23 104 71 67 38 97 94 #SUP: 2568
23 104 71 67 38 97 90 #SUP: 2568
23 104 71 67 38 97 94 90 #SUP: 2568
23 104 71 67 38 97 36 #SUP: 2568
23 104 71 67 38 97 94 #SUP: 2568
23 104 71 67 38 97 90 #SUP: 2568
23 104 71 67 38 97 36 94 90 #SUP: 2568
23 104 71 67 38 36 #SUP: 2672
23 104 71 67 38 36 94 #SUP: 2672
23 104 71 67 38 36 90 #SUP: 2672
23 104 71 67 38 36 94 90 #SUP: 2672
23 104 71 67 38 94 #SUP: 2672
23 104 71 67 38 94 90 #SUP: 2672
23 104 71 67 38 90 #SUP: 2672
23 104 71 67 97 #SUP: 2672
23 104 71 67 97 36 #SUP: 2672
23 104 71 67 97 94 #SUP: 2672
23 104 71 67 97 36 #SUP: 2672
23 104 71 67 97 94 #SUP: 2672
23 104 71 67 97 36 94 #SUP: 2672
23 104 71 67 97 90 #SUP: 2672
23 104 71 67 97 36 #SUP: 2672
23 104 71 67 97 90 #SUP: 2672
23 104 71 67 97 36 90 #SUP: 2672
23 104 71 67 97 94 #SUP: 2672
23 104 71 67 97 90 #SUP: 2672
23 104 71 67 97 94 90 #SUP: 2672
23 104 71 67 97 36 #SUP: 2672
23 104 71 67 97 94 #SUP: 2672
23 104 71 67 97 90 #SUP: 2672
23 104 71 67 97 36 94 90 #SUP: 2672
23 104 71 67 36 #SUP: 2776
23 104 71 67 36 94 #SUP: 2776
23 104 71 67 36 90 #SUP: 2776
23 104 71 67 36 94 90 #SUP: 2776
23 104 71 67 94 #SUP: 2776
23 104 71 67 94 90 #SUP: 2776
23 104 71 67 90 #SUP: 2776
23 104 71 38 #SUP: 2744
23 104 71 38 97 #SUP: 2640
23 104 71 38 97 36 #SUP: 2640
23 104 71 38 97 94 #SUP: 2640
23 104 71 38 97 36 #SUP: 2640
23 104 71 38 97 94 #SUP: 2640
23 104 71 38 97 36 94 #SUP: 2640
23 104 71 38 97 90 #SUP: 2640
23 104 71 38 97 36 #SUP: 2640
23 104 71 38 97 90 #SUP: 2640
23 104 71 38 97 36 90 #SUP: 2640
23 104 71 38 97 94 #SUP: 2640
23 104 71 38 97 90 #SUP: 2640
23 104 71 38 97 94 90 #SUP: 2640
23 104 71 38 97 36 #SUP: 2640
23 104 71 38 97 94 #SUP: 2640
23 104 71 38 97 90 #SUP: 2640
23 104 71 38 97 36 94 90 #SUP: 2640
23 104 71 38 36 #SUP: 2744
23 104 71 38 36 94 #SUP: 2744
23 104 71 38 36 90 #SUP: 2744
23 104 71 38 36 94 90 #SUP: 2744
23 104 71 38 94 #SUP: 2744
23 104 71 38 94 90 #SUP: 2744
23 104 71 38 90 #SUP: 2744
23 104 71 97 #SUP: 2744
23 104 71 97 36 #SUP: 2744
23 104 71 97 94 #SUP: 2744
23 104 71 97 36 #SUP: 2744
23 104 71 97 94 #SUP: 2744
23 104 71 97 36 94 #SUP: 2744
23 104 71 97 90 #SUP: 2744
23 104 71 97 36 #SUP: 2744
23 104 71 97 90 #SUP: 2744
23 104 71 97 36 90 #SUP: 2744
23 104 71 97 94 #SUP: 2744
23 104 71 97 90 #SUP: 2744
23 104 71 97 94 90 #SUP: 2744
23 104 71 97 36 #SUP: 2744
23 104 71 97 94 #SUP: 2744
23 104 71 97 90 #SUP: 2744
23 104 71 97 36 94 90 #SUP: 2744
23 104 71 36 #SUP: 2848
23 104 71 36 94 #SUP: 2848
23 104 71 36 90 #SUP: 2848
23 104 71 36 94 90 #SUP: 2848
23 104 71 94 #SUP: 2848
23 104 71 94 90 #SUP: 2848
23 104 71 90 #SUP: 2848
23 104 67 #SUP: 3040
23 104 67 41 #SUP: 2680
23 104 67 41 38 #SUP: 2680
23 104 67 41 38 97 #SUP: 2576
23 104 67 41 38 97 36 #SUP: 2576
23 104 67 41 38 97 94 #SUP: 2576
23 104 67 41 38 97 36 #SUP: 2576
23 104 67 41 38 97 94 #SUP: 2576
23 104 67 41 38 97 36 94 #SUP: 2576
23 104 67 41 38 97 90 #SUP: 2576
23 104 67 41 38 97 36 #SUP: 2576
23 104 67 41 38 97 90 #SUP: 2576
23 104 67 41 38 97 36 90 #SUP: 2576
23 104 67 41 38 97 94 #SUP: 2576
23 104 67 41 38 97 90 #SUP: 2576
23 104 67 41 38 97 94 90 #SUP: 2576
23 104 67 41 38 97 36 #SUP: 2576
23 104 67 41 38 97 94 #SUP: 2576
23 104 67 41 38 97 90 #SUP: 2576
23 104 67 41 38 97 36 94 90 #SUP: 2576
23 104 67 41 38 36 #SUP: 2680
23 104 67 41 38 36 94 #SUP: 2680
23 104 67 41 38 36 90 #SUP: 2680
23 104 67 41 38 36 94 90 #SUP: 2680
23 104 67 41 38 94 #SUP: 2680
23 104 67 41 38 94 90 #SUP: 2680
23 104 67 41 38 90 #SUP: 2680
23 104 67 41 97 #SUP: 2576
23 104 67 41 97 36 #SUP: 2576
23 104 67 41 97 94 #SUP: 2576
23 104 67 41 97 36 #SUP: 2576
23 104 67 41 97 94 #SUP: 2576
23 104 67 41 97 36 94 #SUP: 2576
23 104 67 41 97 90 #SUP: 2576
23 104 67 41 97 36 #SUP: 2576
23 104 67 41 97 90 #SUP: 2576
23 104 67 41 97 36 90 #SUP: 2576
23 104 67 41 97 94 #SUP: 2576
23 104 67 41 97 90 #SUP: 2576
23 104 67 41 97 94 90 #SUP: 2576
23 104 67 41 97 36 #SUP: 2576
23 104 67 41 97 94 #SUP: 2576
23 104 67 41 97 90 #SUP: 2576
23 104 67 41 97 36 94 90 #SUP: 2576
23 104 67 41 36 #SUP: 2680
23 104 67 41 36 94 #SUP: 2680
23 104 67 41 36 90 #SUP: 2680
23 104 67 41 36 94 90 #SUP: 2680
23 104 67 41 94 #SUP: 2680
23 104 67 41 94 90 #SUP: 2680
23 104 67 41 90 #SUP: 2680
23 104 67 38 #SUP: 2936
23 104 67 38 97 #SUP: 2832
23 104 67 38 97 36 #SUP: 2832
23 104 67 38 97 94 #SUP: 2832
23 104 67 38 97 36 #SUP: 2832
23 104 67 38 97 94 #SUP: 2832
23 104 67 38 97 36 94 #SUP: 2832
23 104 67 38 97 90 #SUP: 2832
23 104 67 38 97 36 #SUP: 2832
23 104 67 38 97 90 #SUP: 2832
23 104 67 38 97 36 90 #SUP: 2832
23 104 67 38 97 94 #SUP: 2832
23 104 67 38 97 90 #SUP: 2832
23 104 67 38 97 94 90 #SUP: 2832
23 104 67 38 97 36 #SUP: 2832
23 104 67 38 97 94 #SUP: 2832
23 104 67 38 97 90 #SUP: 2832
23 104 67 38 97 36 94 90 #SUP: 2832
23 104 67 38 36 #SUP: 2936
23 104 67 38 36 94 #SUP: 2936
23 104 67 38 36 90 #SUP: 2936
23 104 67 38 36 94 90 #SUP: 2936
23 104 67 38 94 #SUP: 2936
23 104 67 38 94 90 #SUP: 2936
23 104 67 38 90 #SUP: 2936
23 104 67 97 #SUP: 2936
23 104 67 97 36 #SUP: 2936
23 104 67 97 94 #SUP: 2936
23 104 67 97 36 #SUP: 2936
23 104 67 97 94 #SUP: 2936
23 104 67 97 36 94 #SUP: 2936
23 104 67 97 90 #SUP: 2936
23 104 67 97 36 #SUP: 2936
23 104 67 97 90 #SUP: 2936
23 104 67 97 36 90 #SUP: 2936
23 104 67 97 94 #SUP: 2936
23 104 67 97 90 #SUP: 2936
23 104 67 97 94 90 #SUP: 2936
23 104 67 97 36 #SUP: 2936
23 104 67 97 94 #SUP: 2936
23 104 67 97 90 #SUP: 2936
23 104 67 97 36 94 90 #SUP: 2936
23 104 67 36 #SUP: 3040
23 104 67 36 94 #SUP: 3040
23 104 67 36 90 #SUP: 3040
23 104 67 36 94 90 #SUP: 3040
23 104 67 94 #SUP: 3040
23 104 67 94 90 #SUP: 3040
23 104 67 90 #SUP: 3040
23 104 41 #SUP: 2824
23 104 41 38 #SUP: 2824
23 104 41 38 97 #SUP: 2720
23 104 41 38 97 36 #SUP: 2720
23 104 41 38 97 94 #SUP: 2720
23 104 41 38 97 36 #SUP: 2720
23 104 41 38 97 94 #SUP: 2720
23 104 41 38 97 36 94 #SUP: 2720
23 104 41 38 97 90 #SUP: 2720
23 104 41 38 97 36 #SUP: 2720
23 104 41 38 97 90 #SUP: 2720
23 104 41 38 97 36 90 #SUP: 2720
23 104 41 38 97 94 #SUP: 2720
23 104 41 38 97 90 #SUP: 2720
23 104 41 38 97 94 90 #SUP: 2720
23 104 41 38 97 36 #SUP: 2720
23 104 41 38 97 94 #SUP: 2720
23 104 41 38 97 90 #SUP: 2720
23 104 41 38 97 36 94 90 #SUP: 2720
23 104 41 38 36 #SUP: 2824
23 104 41 38 36 94 #SUP: 2824
23 104 41 38 36 90 #SUP: 2824
23 104 41 38 36 94 90 #SUP: 2824
23 104 41 38 94 #SUP: 2824
23 104 41 38 94 90 #SUP: 2824
23 104 41 38 90 #SUP: 2824
23 104 41 97 #SUP: 2720
23 104 41 97 36 #SUP: 2720
23 104 41 97 94 #SUP: 2720
23 104 41 97 36 #SUP: 2720
23 104 41 97 94 #SUP: 2720
23 104 41 97 36 94 #SUP: 2720
23 104 41 97 90 #SUP: 2720
23 104 41 97 36 #SUP: 2720
23 104 41 97 90 #SUP: 2720
23 104 41 97 36 90 #SUP: 2720
23 104 41 97 94 #SUP: 2720
23 104 41 97 90 #SUP: 2720
23 104 41 97 94 90 #SUP: 2720
23 104 41 97 36 #SUP: 2720
23 104 41 97 94 #SUP: 2720
23 104 41 97 90 #SUP: 2720
23 104 41 97 36 94 90 #SUP: 2720
23 104 41 36 #SUP: 2824
23 104 41 36 94 #SUP: 2824
23 104 41 36 90 #SUP: 2824
23 104 41 36 94 90 #SUP: 2824
23 104 41 94 #SUP: 2824
23 104 41 94 90 #SUP: 2824
23 104 41 90 #SUP: 2824
23 104 38 #SUP: 3080
23 104 38 97 #SUP: 2976
23 104 38 97 36 #SUP: 2976
23 104 38 97 94 #SUP: 2976
23 104 38 97 36 #SUP: 2976
23 104 38 97 94 #SUP: 2976
23 104 38 97 36 94 #SUP: 2976
23 104 38 97 90 #SUP: 2976
23 104 38 97 36 #SUP: 2976
23 104 38 97 90 #SUP: 2976
23 104 38 97 36 90 #SUP: 2976
23 104 38 97 94 #SUP: 2976
23 104 38 97 90 #SUP: 2976
23 104 38 97 94 90 #SUP: 2976
23 104 38 97 36 #SUP: 2976
23 104 38 97 94 #SUP: 2976
23 104 38 97 90 #SUP: 2976
23 104 38 97 36 94 90 #SUP: 2976
23 104 38 36 #SUP: 3080
23 104 38 36 94 #SUP: 3080
23 104 38 36 90 #SUP: 3080
23 104 38 36 94 90 #SUP: 3080
23 104 38 94 #SUP: 3080
23 104 38 94 90 #SUP: 3080
23 104 38 90 #SUP: 3080
23 104 97 #SUP: 3080
23 104 97 36 #SUP: 3080
23 104 97 94 #SUP: 3080
23 104 97 36 #SUP: 3080
23 104 97 94 #SUP: 3080
23 104 97 36 94 #SUP: 3080
23 104 97 90 #SUP: 3080
23 104 97 36 #SUP: 3080
23 104 97 90 #SUP: 3080
23 104 97 36 90 #SUP: 3080
23 104 97 94 #SUP: 3080
23 104 97 90 #SUP: 3080
23 104 97 94 90 #SUP: 3080
23 104 97 36 #SUP: 3080
23 104 97 94 #SUP: 3080
23 104 97 90 #SUP: 3080
23 104 97 36 94 90 #SUP: 3080
23 104 36 #SUP: 3184
23 104 36 94 #SUP: 3184
23 104 36 90 #SUP: 3184
23 104 36 94 90 #SUP: 3184
23 104 94 #SUP: 3184
23 104 94 90 #SUP: 3184
23 104 90 #SUP: 3184
23 1 #SUP: 2752
23 1 71 #SUP: 2560
23 1 71 67 #SUP: 2560
23 1 71 36 #SUP: 2560
23 1 71 67 #SUP: 2560
23 1 71 36 #SUP: 2560
23 1 71 67 36 #SUP: 2560
23 1 71 94 #SUP: 2560
23 1 71 67 #SUP: 2560
23 1 71 94 #SUP: 2560
23 1 71 67 94 #SUP: 2560
23 1 71 36 #SUP: 2560
23 1 71 94 #SUP: 2560
23 1 71 36 94 #SUP: 2560
23 1 71 67 #SUP: 2560
23 1 71 36 #SUP: 2560
23 1 71 94 #SUP: 2560
23 1 71 67 36 94 #SUP: 2560
23 1 71 90 #SUP: 2560
23 1 71 67 #SUP: 2560
23 1 71 90 #SUP: 2560
23 1 71 67 90 #SUP: 2560
23 1 71 36 #SUP: 2560
23 1 71 90 #SUP: 2560
23 1 71 36 90 #SUP: 2560
23 1 71 67 #SUP: 2560
23 1 71 36 #SUP: 2560
23 1 71 90 #SUP: 2560
23 1 71 67 36 90 #SUP: 2560
23 1 71 94 #SUP: 2560
23 1 71 90 #SUP: 2560
23 1 71 94 90 #SUP: 2560
23 1 71 67 #SUP: 2560
23 1 71 94 #SUP: 2560
23 1 71 90 #SUP: 2560
23 1 71 67 94 90 #SUP: 2560
23 1 71 36 #SUP: 2560
23 1 71 94 #SUP: 2560
23 1 71 90 #SUP: 2560
23 1 71 36 94 90 #SUP: 2560
23 1 71 67 #SUP: 2560
23 1 71 36 #SUP: 2560
23 1 71 94 #SUP: 2560
23 1 71 90 #SUP: 2560
23 1 71 67 36 94 90 #SUP: 2560
23 1 67 #SUP: 2752
23 1 67 41 #SUP: 2656
23 1 67 41 38 #SUP: 2656
23 1 67 41 36 #SUP: 2656
23 1 67 41 38 #SUP: 2656
23 1 67 41 36 #SUP: 2656
23 1 67 41 38 36 #SUP: 2656
23 1 67 41 94 #SUP: 2656
23 1 67 41 38 #SUP: 2656
23 1 67 41 94 #SUP: 2656
23 1 67 41 38 94 #SUP: 2656
23 1 67 41 36 #SUP: 2656
23 1 67 41 94 #SUP: 2656
23 1 67 41 36 94 #SUP: 2656
23 1 67 41 38 #SUP: 2656
23 1 67 41 36 #SUP: 2656
23 1 67 41 94 #SUP: 2656
23 1 67 41 38 36 94 #SUP: 2656
23 1 67 41 90 #SUP: 2656
23 1 67 41 38 #SUP: 2656
23 1 67 41 90 #SUP: 2656
23 1 67 41 38 90 #SUP: 2656
23 1 67 41 36 #SUP: 2656
23 1 67 41 90 #SUP: 2656
23 1 67 41 36 90 #SUP: 2656
23 1 67 41 38 #SUP: 2656
23 1 67 41 36 #SUP: 2656
23 1 67 41 90 #SUP: 2656
23 1 67 41 38 36 90 #SUP: 2656
23 1 67 41 94 #SUP: 2656
23 1 67 41 90 #SUP: 2656
23 1 67 41 94 90 #SUP: 2656
23 1 67 41 38 #SUP: 2656
23 1 67 41 94 #SUP: 2656
23 1 67 41 90 #SUP: 2656
23 1 67 41 38 94 90 #SUP: 2656
23 1 67 41 36 #SUP: 2656
23 1 67 41 94 #SUP: 2656
23 1 67 41 90 #SUP: 2656
23 1 67 41 36 94 90 #SUP: 2656
23 1 67 41 38 #SUP: 2656
23 1 67 41 36 #SUP: 2656
23 1 67 41 94 #SUP: 2656
23 1 67 41 90 #SUP: 2656
23 1 67 41 38 36 94 90 #SUP: 2656
23 1 67 38 #SUP: 2656
23 1 67 38 36 #SUP: 2656
23 1 67 38 94 #SUP: 2656
23 1 67 38 36 #SUP: 2656
23 1 67 38 94 #SUP: 2656
23 1 67 38 36 94 #SUP: 2656
23 1 67 38 90 #SUP: 2656
23 1 67 38 36 #SUP: 2656
23 1 67 38 90 #SUP: 2656
23 1 67 38 36 90 #SUP: 2656
23 1 67 38 94 #SUP: 2656
23 1 67 38 90 #SUP: 2656
23 1 67 38 94 90 #SUP: 2656
23 1 67 38 36 #SUP: 2656
23 1 67 38 94 #SUP: 2656
23 1 67 38 90 #SUP: 2656
23 1 67 38 36 94 90 #SUP: 2656
23 1 67 97 #SUP: 2528
23 1 67 97 36 #SUP: 2528
23 1 67 97 94 #SUP: 2528
23 1 67 97 36 #SUP: 2528
23 1 67 97 94 #SUP: 2528
23 1 67 97 36 94 #SUP: 2528
23 1 67 97 90 #SUP: 2528
23 1 67 97 36 #SUP: 2528
23 1 67 97 90 #SUP: 2528
23 1 67 97 36 90 #SUP: 2528
23 1 67 97 94 #SUP: 2528
23 1 67 97 90 #SUP: 2528
23 1 67 97 94 90 #SUP: 2528
23 1 67 97 36 #SUP: 2528
23 1 67 97 94 #SUP: 2528
23 1 67 97 90 #SUP: 2528
23 1 67 97 36 94 90 #SUP: 2528
23 1 67 36 #SUP: 2752
23 1 67 36 94 #SUP: 2752
23 1 67 36 90 #SUP: 2752
23 1 67 36 94 90 #SUP: 2752
23 1 67 94 #SUP: 2752
23 1 67 94 90 #SUP: 2752
23 1 67 90 #SUP: 2752
23 1 41 #SUP: 2656
23 1 41 38 #SUP: 2656
23 1 41 36 #SUP: 2656
23 1 41 38 #SUP: 2656
23 1 41 36 #SUP: 2656
23 1 41 38 36 #SUP: 2656
23 1 41 94 #SUP: 2656
23 1 41 38 #SUP: 2656
23 1 41 94 #SUP: 2656
23 1 41 38 94 #SUP: 2656
23 1 41 36 #SUP: 2656
23 1 41 94 #SUP: 2656
23 1 41 36 94 #SUP: 2656
23 1 41 38 #SUP: 2656
23 1 41 36 #SUP: 2656
23 1 41 94 #SUP: 2656
23 1 41 38 36 94 #SUP: 2656
23 1 41 90 #SUP: 2656
23 1 41 38 #SUP: 2656
23 1 41 90 #SUP: 2656
23 1 41 38 90 #SUP: 2656
23 1 41 36 #SUP: 2656
23 1 41 90 #SUP: 2656
23 1 41 36 90 #SUP: 2656
23 1 41 38 #SUP: 2656
23 1 41 36 #SUP: 2656
23 1 41 90 #SUP: 2656
23 1 41 38 36 90 #SUP: 2656
23 1 41 94 #SUP: 2656
23 1 41 90 #SUP: 2656
23 1 41 94 90 #SUP: 2656
23 1 41 38 #SUP: 2656
23 1 41 94 #SUP: 2656
23 1 41 90 #SUP: 2656
23 1 41 38 94 90 #SUP: 2656
23 1 41 36 #SUP: 2656
23 1 41 94 #SUP: 2656
23 1 41 90 #SUP: 2656
23 1 41 36 94 90 #SUP: 2656
23 1 41 38 #SUP: 2656
23 1 41 36 #SUP: 2656
23 1 41 94 #SUP: 2656
23 1 41 90 #SUP: 2656
23 1 41 38 36 94 90 #SUP: 2656
23 1 38 #SUP: 2656
23 1 38 36 #SUP: 2656
23 1 38 94 #SUP: 2656
23 1 38 36 #SUP: 2656
23 1 38 94 #SUP: 2656
23 1 38 36 94 #SUP: 2656
23 1 38 90 #SUP: 2656
23 1 38 36 #SUP: 2656
23 1 38 90 #SUP: 2656
23 1 38 36 90 #SUP: 2656
23 1 38 94 #SUP: 2656
23 1 38 90 #SUP: 2656
23 1 38 94 90 #SUP: 2656
23 1 38 36 #SUP: 2656
23 1 38 94 #SUP: 2656
23 1 38 90 #SUP: 2656
23 1 38 36 94 90 #SUP: 2656
23 1 97 #SUP: 2528
23 1 97 36 #SUP: 2528
23 1 97 94 #SUP: 2528
23 1 97 36 #SUP: 2528
23 1 97 94 #SUP: 2528
23 1 97 36 94 #SUP: 2528
23 1 97 90 #SUP: 2528
23 1 97 36 #SUP: 2528
23 1 97 90 #SUP: 2528
23 1 97 36 90 #SUP: 2528
23 1 97 94 #SUP: 2528
23 1 97 90 #SUP: 2528
23 1 97 94 90 #SUP: 2528
23 1 97 36 #SUP: 2528
23 1 97 94 #SUP: 2528
23 1 97 90 #SUP: 2528
23 1 97 36 94 90 #SUP: 2528
23 1 36 #SUP: 2752
23 1 36 94 #SUP: 2752
23 1 36 90 #SUP: 2752
23 1 36 94 90 #SUP: 2752
23 1 94 #SUP: 2752
23 1 94 90 #SUP: 2752
23 1 90 #SUP: 2752
23 71 #SUP: 3040
23 71 67 #SUP: 2968
23 71 67 41 #SUP: 2608
23 71 67 41 38 #SUP: 2608
23 71 67 41 36 #SUP: 2608
23 71 67 41 38 #SUP: 2608
23 71 67 41 36 #SUP: 2608
23 71 67 41 38 36 #SUP: 2608
23 71 67 41 94 #SUP: 2608
23 71 67 41 38 #SUP: 2608
23 71 67 41 94 #SUP: 2608
23 71 67 41 38 94 #SUP: 2608
23 71 67 41 36 #SUP: 2608
23 71 67 41 94 #SUP: 2608
23 71 67 41 36 94 #SUP: 2608
23 71 67 41 38 #SUP: 2608
23 71 67 41 36 #SUP: 2608
23 71 67 41 94 #SUP: 2608
23 71 67 41 38 36 94 #SUP: 2608
23 71 67 41 90 #SUP: 2608
23 71 67 41 38 #SUP: 2608
23 71 67 41 90 #SUP: 2608
23 71 67 41 38 90 #SUP: 2608
23 71 67 41 36 #SUP: 2608
23 71 67 41 90 #SUP: 2608
23 71 67 41 36 90 #SUP: 2608
23 71 67 41 38 #SUP: 2608
23 71 67 41 36 #SUP: 2608
23 71 67 41 90 #SUP: 2608
23 71 67 41 38 36 90 #SUP: 2608
23 71 67 41 94 #SUP: 2608
23 71 67 41 90 #SUP: 2608
23 71 67 41 94 90 #SUP: 2608
23 71 67 41 38 #SUP: 2608
23 71 67 41 94 #SUP: 2608
23 71 67 41 90 #SUP: 2608
23 71 67 41 38 94 90 #SUP: 2608
23 71 67 41 36 #SUP: 2608
23 71 67 41 94 #SUP: 2608
23 71 67 41 90 #SUP: 2608
23 71 67 41 36 94 90 #SUP: 2608
23 71 67 41 38 #SUP: 2608
23 71 67 41 36 #SUP: 2608
23 71 67 41 94 #SUP: 2608
23 71 67 41 90 #SUP: 2608
23 71 67 41 38 36 94 90 #SUP: 2608
23 71 67 38 #SUP: 2864
23 71 67 38 97 #SUP: 2568
23 71 67 38 97 36 #SUP: 2568
23 71 67 38 97 94 #SUP: 2568
23 71 67 38 97 36 #SUP: 2568
23 71 67 38 97 94 #SUP: 2568
23 71 67 38 97 36 94 #SUP: 2568
23 71 67 38 97 90 #SUP: 2568
23 71 67 38 97 36 #SUP: 2568
23 71 67 38 97 90 #SUP: 2568
23 71 67 38 97 36 90 #SUP: 2568
23 71 67 38 97 94 #SUP: 2568
23 71 67 38 97 90 #SUP: 2568
23 71 67 38 97 94 90 #SUP: 2568
23 71 67 38 97 36 #SUP: 2568
23 71 67 38 97 94 #SUP: 2568
23 71 67 38 97 90 #SUP: 2568
23 71 67 38 97 36 94 90 #SUP: 2568
23 71 67 38 36 #SUP: 2864
23 71 67 38 36 94 #SUP: 2864
23 71 67 38 36 90 #SUP: 2864
23 71 67 38 36 94 90 #SUP: 2864
23 71 67 38 94 #SUP: 2864
23 71 67 38 94 90 #SUP: 2864
23 71 67 38 90 #SUP: 2864
23 71 67 97 #SUP: 2672
23 71 67 97 36 #SUP: 2672
23 71 67 97 94 #SUP: 2672
23 71 67 97 36 #SUP: 2672
23 71 67 97 94 #SUP: 2672
23 71 67 97 36 94 #SUP: 2672
23 71 67 97 90 #SUP: 2672
23 71 67 97 36 #SUP: 2672
23 71 67 97 90 #SUP: 2672
23 71 67 97 36 90 #SUP: 2672
23 71 67 97 94 #SUP: 2672
23 71 67 97 90 #SUP: 2672
23 71 67 97 94 90 #SUP: 2672
23 71 67 97 36 #SUP: 2672
23 71 67 97 94 #SUP: 2672
23 71 67 97 90 #SUP: 2672
23 71 67 97 36 94 90 #SUP: 2672
23 71 67 36 #SUP: 2968
23 71 67 36 94 #SUP: 2968
23 71 67 36 90 #SUP: 2968
23 71 67 36 94 90 #SUP: 2968
23 71 67 94 #SUP: 2968
23 71 67 94 90 #SUP: 2968
23 71 67 90 #SUP: 2968
23 71 41 #SUP: 2680
23 71 41 38 #SUP: 2680
23 71 41 36 #SUP: 2680
23 71 41 38 #SUP: 2680
23 71 41 36 #SUP: 2680
23 71 41 38 36 #SUP: 2680
23 71 41 94 #SUP: 2680
23 71 41 38 #SUP: 2680
23 71 41 94 #SUP: 2680
23 71 41 38 94 #SUP: 2680
23 71 41 36 #SUP: 2680
23 71 41 94 #SUP: 2680
23 71 41 36 94 #SUP: 2680
23 71 41 38 #SUP: 2680
23 71 41 36 #SUP: 2680
23 71 41 94 #SUP: 2680
23 71 41 38 36 94 #SUP: 2680
23 71 41 90 #SUP: 2680
23 71 41 38 #SUP: 2680
23 71 41 90 #SUP: 2680
23 71 41 38 90 #SUP: 2680
23 71 41 36 #SUP: 2680
23 71 41 90 #SUP: 2680
23 71 41 36 90 #SUP: 2680
23 71 41 38 #SUP: 2680
23 71 41 36 #SUP: 2680
23 71 41 90 #SUP: 2680
23 71 41 38 36 90 #SUP: 2680
23 71 41 94 #SUP: 2680
23 71 41 90 #SUP: 2680
23 71 41 94 90 #SUP: 2680
23 71 41 38 #SUP: 2680
23 71 41 94 #SUP: 2680
23 71 41 90 #SUP: 2680
23 71 41 38 94 90 #SUP: 2680
23 71 41 36 #SUP: 2680
23 71 41 94 #SUP: 2680
23 71 41 90 #SUP: 2680
23 71 41 36 94 90 #SUP: 2680
23 71 41 38 #SUP: 2680
23 71 41 36 #SUP: 2680
23 71 41 94 #SUP: 2680
23 71 41 90 #SUP: 2680
23 71 41 38 36 94 90 #SUP: 2680
23 71 38 #SUP: 2936
23 71 38 97 #SUP: 2640
23 71 38 97 36 #SUP: 2640
23 71 38 97 94 #SUP: 2640
23 71 38 97 36 #SUP: 2640
23 71 38 97 94 #SUP: 2640
23 71 38 97 36 94 #SUP: 2640
23 71 38 97 90 #SUP: 2640
23 71 38 97 36 #SUP: 2640
23 71 38 97 90 #SUP: 2640
23 71 38 97 36 90 #SUP: 2640
23 71 38 97 94 #SUP: 2640
23 71 38 97 90 #SUP: 2640
23 71 38 97 94 90 #SUP: 2640
23 71 38 97 36 #SUP: 2640
23 71 38 97 94 #SUP: 2640
23 71 38 97 90 #SUP: 2640
23 71 38 97 36 94 90 #SUP: 2640
23 71 38 36 #SUP: 2936
23 71 38 36 94 #SUP: 2936
23 71 38 36 90 #SUP: 2936
23 71 38 36 94 90 #SUP: 2936
23 71 38 94 #SUP: 2936
23 71 38 94 90 #SUP: 2936
23 71 38 90 #SUP: 2936
23 71 97 #SUP: 2744
23 71 97 36 #SUP: 2744
23 71 97 94 #SUP: 2744
23 71 97 36 #SUP: 2744
23 71 97 94 #SUP: 2744
23 71 97 36 94 #SUP: 2744
23 71 97 90 #SUP: 2744
23 71 97 36 #SUP: 2744
23 71 97 90 #SUP: 2744
23 71 97 36 90 #SUP: 2744
23 71 97 94 #SUP: 2744
23 71 97 90 #SUP: 2744
23 71 97 94 90 #SUP: 2744
23 71 97 36 #SUP: 2744
23 71 97 94 #SUP: 2744
23 71 97 90 #SUP: 2744
23 71 97 36 94 90 #SUP: 2744
23 71 36 #SUP: 3040
23 71 36 94 #SUP: 3040
23 71 36 90 #SUP: 3040
23 71 36 94 90 #SUP: 3040
23 71 94 #SUP: 3040
23 71 94 90 #SUP: 3040
23 71 90 #SUP: 3040
23 67 #SUP: 3232
23 67 41 #SUP: 2872
23 67 41 38 #SUP: 2872
23 67 41 38 97 #SUP: 2576
23 67 41 38 97 36 #SUP: 2576
23 67 41 38 97 94 #SUP: 2576
23 67 41 38 97 36 #SUP: 2576
23 67 41 38 97 94 #SUP: 2576
23 67 41 38 97 36 94 #SUP: 2576
23 67 41 38 97 90 #SUP: 2576
23 67 41 38 97 36 #SUP: 2576
23 67 41 38 97 90 #SUP: 2576
23 67 41 38 97 36 90 #SUP: 2576
23 67 41 38 97 94 #SUP: 2576
23 67 41 38 97 90 #SUP: 2576
23 67 41 38 97 94 90 #SUP: 2576
23 67 41 38 97 36 #SUP: 2576
23 67 41 38 97 94 #SUP: 2576
23 67 41 38 97 90 #SUP: 2576
23 67 41 38 97 36 94 90 #SUP: 2576
23 67 41 38 36 #SUP: 2872
23 67 41 38 36 94 #SUP: 2872
23 67 41 38 36 90 #SUP: 2872
23 67 41 38 36 94 90 #SUP: 2872
23 67 41 38 94 #SUP: 2872
23 67 41 38 94 90 #SUP: 2872
23 67 41 38 90 #SUP: 2872
23 67 41 97 #SUP: 2576
23 67 41 97 36 #SUP: 2576
23 67 41 97 94 #SUP: 2576
23 67 41 97 36 #SUP: 2576
23 67 41 97 94 #SUP: 2576
23 67 41 97 36 94 #SUP: 2576
23 67 41 97 90 #SUP: 2576
23 67 41 97 36 #SUP: 2576
23 67 41 97 90 #SUP: 2576
23 67 41 97 36 90 #SUP: 2576
23 67 41 97 94 #SUP: 2576
23 67 41 97 90 #SUP: 2576
23 67 41 97 94 90 #SUP: 2576
23 67 41 97 36 #SUP: 2576
23 67 41 97 94 #SUP: 2576
23 67 41 97 90 #SUP: 2576
23 67 41 97 36 94 90 #SUP: 2576
23 67 41 36 #SUP: 2872
23 67 41 36 94 #SUP: 2872
23 67 41 36 90 #SUP: 2872
23 67 41 36 94 90 #SUP: 2872
23 67 41 94 #SUP: 2872
23 67 41 94 90 #SUP: 2872
23 67 41 90 #SUP: 2872
23 67 38 #SUP: 3128
23 67 38 97 #SUP: 2832
23 67 38 97 36 #SUP: 2832
23 67 38 97 94 #SUP: 2832
23 67 38 97 36 #SUP: 2832
23 67 38 97 94 #SUP: 2832
23 67 38 97 36 94 #SUP: 2832
23 67 38 97 90 #SUP: 2832
23 67 38 97 36 #SUP: 2832
23 67 38 97 90 #SUP: 2832
23 67 38 97 36 90 #SUP: 2832
23 67 38 97 94 #SUP: 2832
23 67 38 97 90 #SUP: 2832
23 67 38 97 94 90 #SUP: 2832
23 67 38 97 36 #SUP: 2832
23 67 38 97 94 #SUP: 2832
23 67 38 97 90 #SUP: 2832
23 67 38 97 36 94 90 #SUP: 2832
23 67 38 36 #SUP: 3128
23 67 38 36 94 #SUP: 3128
23 67 38 36 90 #SUP: 3128
23 67 38 36 94 90 #SUP: 3128
23 67 38 94 #SUP: 3128
23 67 38 94 90 #SUP: 3128
23 67 38 90 #SUP: 3128
23 67 97 #SUP: 2936
23 67 97 36 #SUP: 2936
23 67 97 94 #SUP: 2936
23 67 97 36 #SUP: 2936
23 67 97 94 #SUP: 2936
23 67 97 36 94 #SUP: 2936
23 67 97 90 #SUP: 2936
23 67 97 36 #SUP: 2936
23 67 97 90 #SUP: 2936
23 67 97 36 90 #SUP: 2936
23 67 97 94 #SUP: 2936
23 67 97 90 #SUP: 2936
23 67 97 94 90 #SUP: 2936
23 67 97 36 #SUP: 2936
23 67 97 94 #SUP: 2936
23 67 97 90 #SUP: 2936
23 67 97 36 94 90 #SUP: 2936
23 67 36 #SUP: 3232
23 67 36 94 #SUP: 3232
23 67 36 90 #SUP: 3232
23 67 36 94 90 #SUP: 3232
23 67 94 #SUP: 3232
23 67 94 90 #SUP: 3232
23 67 90 #SUP: 3232
23 41 #SUP: 3016
23 41 38 #SUP: 3016
23 41 38 97 #SUP: 2720
23 41 38 97 36 #SUP: 2720
23 41 38 97 94 #SUP: 2720
23 41 38 97 36 #SUP: 2720
23 41 38 97 94 #SUP: 2720
23 41 38 97 36 94 #SUP: 2720
23 41 38 97 90 #SUP: 2720
23 41 38 97 36 #SUP: 2720
23 41 38 97 90 #SUP: 2720
23 41 38 97 36 90 #SUP: 2720
23 41 38 97 94 #SUP: 2720
23 41 38 97 90 #SUP: 2720
23 41 38 97 94 90 #SUP: 2720
23 41 38 97 36 #SUP: 2720
23 41 38 97 94 #SUP: 2720
23 41 38 97 90 #SUP: 2720
23 41 38 97 36 94 90 #SUP: 2720
23 41 38 36 #SUP: 3016
23 41 38 36 94 #SUP: 3016
23 41 38 36 90 #SUP: 3016
23 41 38 36 94 90 #SUP: 3016
23 41 38 94 #SUP: 3016
23 41 38 94 90 #SUP: 3016
23 41 38 90 #SUP: 3016
23 41 97 #SUP: 2720
23 41 97 36 #SUP: 2720
23 41 97 94 #SUP: 2720
23 41 97 36 #SUP: 2720
23 41 97 94 #SUP: 2720
23 41 97 36 94 #SUP: 2720
23 41 97 90 #SUP: 2720
23 41 97 36 #SUP: 2720
23 41 97 90 #SUP: 2720
23 41 97 36 90 #SUP: 2720
23 41 97 94 #SUP: 2720
23 41 97 90 #SUP: 2720
23 41 97 94 90 #SUP: 2720
23 41 97 36 #SUP: 2720
23 41 97 94 #SUP: 2720
23 41 97 90 #SUP: 2720
23 41 97 36 94 90 #SUP: 2720
23 41 36 #SUP: 3016
23 41 36 94 #SUP: 3016
23 41 36 90 #SUP: 3016
23 41 36 94 90 #SUP: 3016
23 41 94 #SUP: 3016
23 41 94 90 #SUP: 3016
23 41 90 #SUP: 3016
23 38 #SUP: 3272
23 38 97 #SUP: 2976
23 38 97 36 #SUP: 2976
23 38 97 94 #SUP: 2976
23 38 97 36 #SUP: 2976
23 38 97 94 #SUP: 2976
23 38 97 36 94 #SUP: 2976
23 38 97 90 #SUP: 2976
23 38 97 36 #SUP: 2976
23 38 97 90 #SUP: 2976
23 38 97 36 90 #SUP: 2976
23 38 97 94 #SUP: 2976
23 38 97 90 #SUP: 2976
23 38 97 94 90 #SUP: 2976
23 38 97 36 #SUP: 2976
23 38 97 94 #SUP: 2976
23 38 97 90 #SUP: 2976
23 38 97 36 94 90 #SUP: 2976
23 38 36 #SUP: 3272
23 38 36 94 #SUP: 3272
23 38 36 90 #SUP: 3272
23 38 36 94 90 #SUP: 3272
23 38 94 #SUP: 3272
23 38 94 90 #SUP: 3272
23 38 90 #SUP: 3272
23 97 #SUP: 3080
23 97 36 #SUP: 3080
23 97 94 #SUP: 3080
23 97 36 #SUP: 3080
23 97 94 #SUP: 3080
23 97 36 94 #SUP: 3080
23 97 90 #SUP: 3080
23 97 36 #SUP: 3080
23 97 90 #SUP: 3080
23 97 36 90 #SUP: 3080
23 97 94 #SUP: 3080
23 97 90 #SUP: 3080
23 97 94 90 #SUP: 3080
23 97 36 #SUP: 3080
23 97 94 #SUP: 3080
23 97 90 #SUP: 3080
23 97 36 94 90 #SUP: 3080
23 36 #SUP: 3376
23 36 94 #SUP: 3376
23 36 90 #SUP: 3376
23 36 94 90 #SUP: 3376
23 94 #SUP: 3376
23 94 90 #SUP: 3376
23 90 #SUP: 3376
55 41 #SUP: 2840
55 41 38 #SUP: 2552
55 41 38 90 #SUP: 2552
55 41 36 #SUP: 2624
55 41 36 94 #SUP: 2624
55 41 36 90 #SUP: 2624
55 41 36 94 90 #SUP: 2624
55 41 94 #SUP: 2648
55 41 94 90 #SUP: 2648
55 41 90 #SUP: 2840
55 38 #SUP: 3080
55 38 97 #SUP: 2720
55 38 97 36 #SUP: 2528
55 38 97 36 94 #SUP: 2528
55 38 97 36 90 #SUP: 2528
55 38 97 36 94 90 #SUP: 2528
55 38 97 94 #SUP: 2528
55 38 97 94 90 #SUP: 2528
55 38 97 90 #SUP: 2720
55 38 36 #SUP: 2864
55 38 36 94 #SUP: 2864
55 38 36 90 #SUP: 2864
55 38 36 94 90 #SUP: 2864
55 38 94 #SUP: 2888
55 38 94 90 #SUP: 2888
55 38 90 #SUP: 3080
55 97 #SUP: 2904
55 97 36 #SUP: 2712
55 97 36 94 #SUP: 2704
55 97 36 90 #SUP: 2712
55 97 36 94 90 #SUP: 2704
55 97 94 #SUP: 2704
55 97 94 90 #SUP: 2704
55 97 90 #SUP: 2904
55 36 #SUP: 3336
55 36 94 #SUP: 3328
55 36 90 #SUP: 3336
55 36 94 90 #SUP: 3328
55 94 #SUP: 3352
55 94 90 #SUP: 3352
55 90 #SUP: 3552
5 41 #SUP: 2764
5 41 97 #SUP: 2568
5 41 97 90 #SUP: 2568
5 41 36 #SUP: 2708
5 41 36 94 #SUP: 2708
5 41 36 90 #SUP: 2708
5 41 36 94 90 #SUP: 2708
5 41 94 #SUP: 2716
5 41 94 90 #SUP: 2716
5 41 90 #SUP: 2764
5 38 #SUP: 3020
5 38 97 #SUP: 2920
5 38 97 36 #SUP: 2872
5 38 97 36 94 #SUP: 2872
5 38 97 36 90 #SUP: 2872
5 38 97 36 94 90 #SUP: 2872
5 38 97 94 #SUP: 2872
5 38 97 94 90 #SUP: 2872
5 38 97 90 #SUP: 2920
5 38 36 #SUP: 2964
5 38 36 94 #SUP: 2964
5 38 36 90 #SUP: 2964
5 38 36 94 90 #SUP: 2964
5 38 94 #SUP: 2972
5 38 94 90 #SUP: 2972
5 38 90 #SUP: 3020
5 97 #SUP: 3600
5 97 36 #SUP: 3552
5 97 36 94 #SUP: 3552
5 97 36 90 #SUP: 3552
5 97 36 94 90 #SUP: 3552
5 97 94 #SUP: 3552
5 97 94 90 #SUP: 3552
5 97 90 #SUP: 3600
5 36 #SUP: 3740
5 36 94 #SUP: 3740
5 36 90 #SUP: 3740
5 36 94 90 #SUP: 3740
5 94 #SUP: 3748
5 94 90 #SUP: 3748
5 90 #SUP: 3796
57 41 #SUP: 3432
57 41 38 #SUP: 3432
57 41 38 97 #SUP: 3312
57 41 38 97 36 #SUP: 3312
57 41 38 97 94 #SUP: 3312
57 41 38 97 36 #SUP: 3312
57 41 38 97 94 #SUP: 3312
57 41 38 97 36 94 #SUP: 3312
57 41 38 97 90 #SUP: 3312
57 41 38 97 36 #SUP: 3312
57 41 38 97 90 #SUP: 3312
57 41 38 97 36 90 #SUP: 3312
57 41 38 97 94 #SUP: 3312
57 41 38 97 90 #SUP: 3312
57 41 38 97 94 90 #SUP: 3312
57 41 38 97 36 #SUP: 3312
57 41 38 97 94 #SUP: 3312
57 41 38 97 90 #SUP: 3312
57 41 38 97 36 94 90 #SUP: 3312
57 41 38 36 #SUP: 3432
57 41 38 36 94 #SUP: 3432
57 41 38 36 90 #SUP: 3432
57 41 38 36 94 90 #SUP: 3432
57 41 38 94 #SUP: 3432
57 41 38 94 90 #SUP: 3432
57 41 38 90 #SUP: 3432
57 41 97 #SUP: 3312
57 41 97 36 #SUP: 3312
57 41 97 94 #SUP: 3312
57 41 97 36 #SUP: 3312
57 41 97 94 #SUP: 3312
57 41 97 36 94 #SUP: 3312
57 41 97 90 #SUP: 3312
57 41 97 36 #SUP: 3312
57 41 97 90 #SUP: 3312
57 41 97 36 90 #SUP: 3312
57 41 97 94 #SUP: 3312
57 41 97 90 #SUP: 3312
57 41 97 94 90 #SUP: 3312
57 41 97 36 #SUP: 3312
57 41 97 94 #SUP: 3312
57 41 97 90 #SUP: 3312
57 41 97 36 94 90 #SUP: 3312
57 41 36 #SUP: 3432
57 41 36 94 #SUP: 3432
57 41 36 90 #SUP: 3432
57 41 36 94 90 #SUP: 3432
57 41 94 #SUP: 3432
57 41 94 90 #SUP: 3432
57 41 90 #SUP: 3432
57 38 #SUP: 3528
57 38 97 #SUP: 3408
57 38 97 36 #SUP: 3408
57 38 97 94 #SUP: 3408
57 38 97 36 #SUP: 3408
57 38 97 94 #SUP: 3408
57 38 97 36 94 #SUP: 3408
57 38 97 90 #SUP: 3408
57 38 97 36 #SUP: 3408
57 38 97 90 #SUP: 3408
57 38 97 36 90 #SUP: 3408
57 38 97 94 #SUP: 3408
57 38 97 90 #SUP: 3408
57 38 97 94 90 #SUP: 3408
57 38 97 36 #SUP: 3408
57 38 97 94 #SUP: 3408
57 38 97 90 #SUP: 3408
57 38 97 36 94 90 #SUP: 3408
57 38 36 #SUP: 3528
57 38 36 94 #SUP: 3528
57 38 36 90 #SUP: 3528
57 38 36 94 90 #SUP: 3528
57 38 94 #SUP: 3528
57 38 94 90 #SUP: 3528
57 38 90 #SUP: 3528
57 97 #SUP: 3680
57 97 36 #SUP: 3680
57 97 94 #SUP: 3680
57 97 36 #SUP: 3680
57 97 94 #SUP: 3680
57 97 36 94 #SUP: 3680
57 97 90 #SUP: 3680
57 97 36 #SUP: 3680
57 97 90 #SUP: 3680
57 97 36 90 #SUP: 3680
57 97 94 #SUP: 3680
57 97 90 #SUP: 3680
57 97 94 90 #SUP: 3680
57 97 36 #SUP: 3680
57 97 94 #SUP: 3680
57 97 90 #SUP: 3680
57 97 36 94 90 #SUP: 3680
57 36 #SUP: 3800
57 36 94 #SUP: 3800
57 36 90 #SUP: 3800
57 36 94 90 #SUP: 3800
57 94 #SUP: 3800
57 94 90 #SUP: 3800
57 90 #SUP: 3800
31 1 #SUP: 3688
31 1 56 #SUP: 2752
31 1 56 41 #SUP: 2752
31 1 56 97 #SUP: 2752
31 1 56 41 #SUP: 2752
31 1 56 97 #SUP: 2752
31 1 56 41 97 #SUP: 2752
31 1 56 36 #SUP: 2752
31 1 56 41 #SUP: 2752
31 1 56 36 #SUP: 2752
31 1 56 41 36 #SUP: 2752
31 1 56 97 #SUP: 2752
31 1 56 36 #SUP: 2752
31 1 56 97 36 #SUP: 2752
31 1 56 41 #SUP: 2752
31 1 56 97 #SUP: 2752
31 1 56 36 #SUP: 2752
31 1 56 41 97 36 #SUP: 2752
31 1 56 94 #SUP: 2752
31 1 56 41 #SUP: 2752
31 1 56 94 #SUP: 2752
31 1 56 41 94 #SUP: 2752
31 1 56 97 #SUP: 2752
31 1 56 94 #SUP: 2752
31 1 56 97 94 #SUP: 2752
31 1 56 41 #SUP: 2752
31 1 56 97 #SUP: 2752
31 1 56 94 #SUP: 2752
31 1 56 41 97 94 #SUP: 2752
31 1 56 36 #SUP: 2752
31 1 56 94 #SUP: 2752
31 1 56 36 94 #SUP: 2752
31 1 56 41 #SUP: 2752
31 1 56 36 #SUP: 2752
31 1 56 94 #SUP: 2752
31 1 56 41 36 94 #SUP: 2752
31 1 56 97 #SUP: 2752
31 1 56 36 #SUP: 2752
31 1 56 94 #SUP: 2752
31 1 56 97 36 94 #SUP: 2752
31 1 56 41 #SUP: 2752
31 1 56 97 #SUP: 2752
31 1 56 36 #SUP: 2752
31 1 56 94 #SUP: 2752
31 1 56 41 97 36 94 #SUP: 2752
31 1 56 90 #SUP: 2752
31 1 56 41 #SUP: 2752
31 1 56 90 #SUP: 2752
31 1 56 41 90 #SUP: 2752
31 1 56 97 #SUP: 2752
31 1 56 90 #SUP: 2752
31 1 56 97 90 #SUP: 2752
31 1 56 41 #SUP: 2752
31 1 56 97 #SUP: 2752
31 1 56 90 #SUP: 2752
31 1 56 41 97 90 #SUP: 2752
31 1 56 36 #SUP: 2752
31 1 56 90 #SUP: 2752
31 1 56 36 90 #SUP: 2752
31 1 56 41 #SUP: 2752
31 1 56 36 #SUP: 2752
31 1 56 90 #SUP: 2752
31 1 56 41 36 90 #SUP: 2752
31 1 56 97 #SUP: 2752
31 1 56 36 #SUP: 2752
31 1 56 90 #SUP: 2752
31 1 56 97 36 90 #SUP: 2752
31 1 56 41 #SUP: 2752
31 1 56 97 #SUP: 2752
31 1 56 36 #SUP: 2752
31 1 56 90 #SUP: 2752
31 1 56 41 97 36 90 #SUP: 2752
31 1 56 94 #SUP: 2752
31 1 56 90 #SUP: 2752
31 1 56 94 90 #SUP: 2752
31 1 56 41 #SUP: 2752
31 1 56 94 #SUP: 2752
31 1 56 90 #SUP: 2752
31 1 56 41 94 90 #SUP: 2752
31 1 56 97 #SUP: 2752
31 1 56 94 #SUP: 2752
31 1 56 90 #SUP: 2752
31 1 56 97 94 90 #SUP: 2752
31 1 56 41 #SUP: 2752
31 1 56 97 #SUP: 2752
31 1 56 94 #SUP: 2752
31 1 56 90 #SUP: 2752
31 1 56 41 97 94 90 #SUP: 2752
31 1 56 36 #SUP: 2752
31 1 56 94 #SUP: 2752
31 1 56 90 #SUP: 2752
31 1 56 36 94 90 #SUP: 2752
31 1 56 41 #SUP: 2752
31 1 56 36 #SUP: 2752
31 1 56 94 #SUP: 2752
31 1 56 90 #SUP: 2752
31 1 56 41 36 94 90 #SUP: 2752
31 1 56 97 #SUP: 2752
31 1 56 36 #SUP: 2752
31 1 56 94 #SUP: 2752
31 1 56 90 #SUP: 2752
31 1 56 97 36 94 90 #SUP: 2752
31 1 56 41 #SUP: 2752
31 1 56 97 #SUP: 2752
31 1 56 36 #SUP: 2752
31 1 56 94 #SUP: 2752
31 1 56 90 #SUP: 2752
31 1 56 41 97 36 94 90 #SUP: 2752
31 1 71 #SUP: 2932
31 1 71 67 #SUP: 2586
31 1 71 67 90 #SUP: 2586
31 1 71 41 #SUP: 2800
31 1 71 41 36 #SUP: 2608
31 1 71 41 36 94 #SUP: 2608
31 1 71 41 36 90 #SUP: 2608
31 1 71 41 36 94 90 #SUP: 2608
31 1 71 41 94 #SUP: 2608
31 1 71 41 94 90 #SUP: 2608
31 1 71 41 90 #SUP: 2800
31 1 71 97 #SUP: 2564
31 1 71 97 90 #SUP: 2564
31 1 71 36 #SUP: 2740
31 1 71 36 94 #SUP: 2740
31 1 71 36 90 #SUP: 2740
31 1 71 36 94 90 #SUP: 2740
31 1 71 94 #SUP: 2740
31 1 71 94 90 #SUP: 2740
31 1 71 90 #SUP: 2932
31 1 67 #SUP: 2980
31 1 67 41 #SUP: 2800
31 1 67 41 36 #SUP: 2608
31 1 67 41 36 94 #SUP: 2608
31 1 67 41 36 90 #SUP: 2608
31 1 67 41 36 94 90 #SUP: 2608
31 1 67 41 94 #SUP: 2608
31 1 67 41 94 90 #SUP: 2608
31 1 67 41 90 #SUP: 2800
31 1 67 97 #SUP: 2612
31 1 67 97 90 #SUP: 2612
31 1 67 36 #SUP: 2788
31 1 67 36 94 #SUP: 2788
31 1 67 36 90 #SUP: 2788
31 1 67 36 94 90 #SUP: 2788
31 1 67 94 #SUP: 2788
31 1 67 94 90 #SUP: 2788
31 1 67 90 #SUP: 2980
31 1 41 #SUP: 3472
31 1 41 97 #SUP: 2944
31 1 41 97 36 #SUP: 2752
31 1 41 97 36 94 #SUP: 2752
31 1 41 97 36 90 #SUP: 2752
31 1 41 97 36 94 90 #SUP: 2752
31 1 41 97 94 #SUP: 2752
31 1 41 97 94 90 #SUP: 2752
31 1 41 97 90 #SUP: 2944
31 1 41 36 #SUP: 3280
31 1 41 36 94 #SUP: 3280
31 1 41 36 90 #SUP: 3280
31 1 41 36 94 90 #SUP: 3280
31 1 41 94 #SUP: 3280
31 1 41 94 90 #SUP: 3280
31 1 41 90 #SUP: 3472
31 1 97 #SUP: 3160
31 1 97 36 #SUP: 2968
31 1 97 36 94 #SUP: 2968
31 1 97 36 90 #SUP: 2968
31 1 97 36 94 90 #SUP: 2968
31 1 97 94 #SUP: 2968
31 1 97 94 90 #SUP: 2968
31 1 97 90 #SUP: 3160
31 1 36 #SUP: 3496
31 1 36 94 #SUP: 3496
31 1 36 90 #SUP: 3496
31 1 36 94 90 #SUP: 3496
31 1 94 #SUP: 3496
31 1 94 90 #SUP: 3496
31 1 90 #SUP: 3688
31 56 #SUP: 2752
31 56 41 #SUP: 2752
31 56 97 #SUP: 2752
31 56 41 #SUP: 2752
31 56 97 #SUP: 2752
31 56 41 97 #SUP: 2752
31 56 36 #SUP: 2752
31 56 41 #SUP: 2752
31 56 36 #SUP: 2752
31 56 41 36 #SUP: 2752
31 56 97 #SUP: 2752
31 56 36 #SUP: 2752
31 56 97 36 #SUP: 2752
31 56 41 #SUP: 2752
31 56 97 #SUP: 2752
31 56 36 #SUP: 2752
31 56 41 97 36 #SUP: 2752
31 56 94 #SUP: 2752
31 56 41 #SUP: 2752
31 56 94 #SUP: 2752
31 56 41 94 #SUP: 2752
31 56 97 #SUP: 2752
31 56 94 #SUP: 2752
31 56 97 94 #SUP: 2752
31 56 41 #SUP: 2752
31 56 97 #SUP: 2752
31 56 94 #SUP: 2752
31 56 41 97 94 #SUP: 2752
31 56 36 #SUP: 2752
31 56 94 #SUP: 2752
31 56 36 94 #SUP: 2752
31 56 41 #SUP: 2752
31 56 36 #SUP: 2752
31 56 94 #SUP: 2752
31 56 41 36 94 #SUP: 2752
31 56 97 #SUP: 2752
31 56 36 #SUP: 2752
31 56 94 #SUP: 2752
31 56 97 36 94 #SUP: 2752
31 56 41 #SUP: 2752
31 56 97 #SUP: 2752
31 56 36 #SUP: 2752
31 56 94 #SUP: 2752
31 56 41 97 36 94 #SUP: 2752
31 56 90 #SUP: 2752
31 56 41 #SUP: 2752
31 56 90 #SUP: 2752
31 56 41 90 #SUP: 2752
31 56 97 #SUP: 2752
31 56 90 #SUP: 2752
31 56 97 90 #SUP: 2752
31 56 41 #SUP: 2752
31 56 97 #SUP: 2752
31 56 90 #SUP: 2752
31 56 41 97 90 #SUP: 2752
31 56 36 #SUP: 2752
31 56 90 #SUP: 2752
31 56 36 90 #SUP: 2752
31 56 41 #SUP: 2752
31 56 36 #SUP: 2752
31 56 90 #SUP: 2752
31 56 41 36 90 #SUP: 2752
31 56 97 #SUP: 2752
31 56 36 #SUP: 2752
31 56 90 #SUP: 2752
31 56 97 36 90 #SUP: 2752
31 56 41 #SUP: 2752
31 56 97 #SUP: 2752
31 56 36 #SUP: 2752
31 56 90 #SUP: 2752
31 56 41 97 36 90 #SUP: 2752
31 56 94 #SUP: 2752
31 56 90 #SUP: 2752
31 56 94 90 #SUP: 2752
31 56 41 #SUP: 2752
31 56 94 #SUP: 2752
31 56 90 #SUP: 2752
31 56 41 94 90 #SUP: 2752
31 56 97 #SUP: 2752
31 56 94 #SUP: 2752
31 56 90 #SUP: 2752
31 56 97 94 90 #SUP: 2752
31 56 41 #SUP: 2752
31 56 97 #SUP: 2752
31 56 94 #SUP: 2752
31 56 90 #SUP: 2752
31 56 41 97 94 90 #SUP: 2752
31 56 36 #SUP: 2752
31 56 94 #SUP: 2752
31 56 90 #SUP: 2752
31 56 36 94 90 #SUP: 2752
31 56 41 #SUP: 2752
31 56 36 #SUP: 2752
31 56 94 #SUP: 2752
31 56 90 #SUP: 2752
31 56 41 36 94 90 #SUP: 2752
31 56 97 #SUP: 2752
31 56 36 #SUP: 2752
31 56 94 #SUP: 2752
31 56 90 #SUP: 2752
31 56 97 36 94 90 #SUP: 2752
31 56 41 #SUP: 2752
31 56 97 #SUP: 2752
31 56 36 #SUP: 2752
31 56 94 #SUP: 2752
31 56 90 #SUP: 2752
31 56 41 97 36 94 90 #SUP: 2752
31 71 #SUP: 3012
31 71 67 #SUP: 2666
31 71 67 41 #SUP: 2544
31 71 67 90 #SUP: 2666
31 71 67 41 90 #SUP: 2544
31 71 41 #SUP: 2872
31 71 41 36 #SUP: 2680
31 71 41 36 94 #SUP: 2680
31 71 41 36 90 #SUP: 2680
31 71 41 36 94 90 #SUP: 2680
31 71 41 94 #SUP: 2680
31 71 41 94 90 #SUP: 2680
31 71 41 90 #SUP: 2872
31 71 97 #SUP: 2572
31 71 97 90 #SUP: 2572
31 71 36 #SUP: 2820
31 71 36 94 #SUP: 2820
31 71 36 90 #SUP: 2820
31 71 36 94 90 #SUP: 2820
31 71 94 #SUP: 2820
31 71 94 90 #SUP: 2820
31 71 90 #SUP: 3012
31 67 #SUP: 3060
31 67 41 #SUP: 2872
31 67 41 36 #SUP: 2680
31 67 41 36 94 #SUP: 2680
31 67 41 36 90 #SUP: 2680
31 67 41 36 94 90 #SUP: 2680
31 67 41 94 #SUP: 2680
31 67 41 94 90 #SUP: 2680
31 67 41 90 #SUP: 2872
31 67 97 #SUP: 2620
31 67 97 90 #SUP: 2620
31 67 36 #SUP: 2868
31 67 36 94 #SUP: 2868
31 67 36 90 #SUP: 2868
31 67 36 94 90 #SUP: 2868
31 67 94 #SUP: 2868
31 67 94 90 #SUP: 2868
31 67 90 #SUP: 3060
31 41 #SUP: 3544
31 41 97 #SUP: 2944
31 41 97 36 #SUP: 2752
31 41 97 36 94 #SUP: 2752
31 41 97 36 90 #SUP: 2752
31 41 97 36 94 90 #SUP: 2752
31 41 97 94 #SUP: 2752
31 41 97 94 90 #SUP: 2752
31 41 97 90 #SUP: 2944
31 41 36 #SUP: 3352
31 41 36 94 #SUP: 3352
31 41 36 90 #SUP: 3352
31 41 36 94 90 #SUP: 3352
31 41 94 #SUP: 3352
31 41 94 90 #SUP: 3352
31 41 90 #SUP: 3544
31 97 #SUP: 3208
31 97 36 #SUP: 3016
31 97 36 94 #SUP: 3008
31 97 36 90 #SUP: 3016
31 97 36 94 90 #SUP: 3008
31 97 94 #SUP: 3008
31 97 94 90 #SUP: 3008
31 97 90 #SUP: 3208
31 36 #SUP: 3616
31 36 94 #SUP: 3608
31 36 90 #SUP: 3616
31 36 94 90 #SUP: 3608
31 94 #SUP: 3608
31 94 90 #SUP: 3608
31 90 #SUP: 3808
2 120 #SUP: 2848
2 120 38 #SUP: 2800
2 120 38 97 #SUP: 2728
2 120 38 97 36 #SUP: 2728
2 120 38 97 94 #SUP: 2728
2 120 38 97 36 #SUP: 2728
2 120 38 97 94 #SUP: 2728
2 120 38 97 36 94 #SUP: 2728
2 120 38 97 90 #SUP: 2728
2 120 38 97 36 #SUP: 2728
2 120 38 97 90 #SUP: 2728
2 120 38 97 36 90 #SUP: 2728
2 120 38 97 94 #SUP: 2728
2 120 38 97 90 #SUP: 2728
2 120 38 97 94 90 #SUP: 2728
2 120 38 97 36 #SUP: 2728
2 120 38 97 94 #SUP: 2728
2 120 38 97 90 #SUP: 2728
2 120 38 97 36 94 90 #SUP: 2728
2 120 38 36 #SUP: 2800
2 120 38 36 94 #SUP: 2800
2 120 38 36 90 #SUP: 2800
2 120 38 36 94 90 #SUP: 2800
2 120 38 94 #SUP: 2800
2 120 38 94 90 #SUP: 2800
2 120 38 90 #SUP: 2800
2 120 97 #SUP: 2776
2 120 97 36 #SUP: 2776
2 120 97 94 #SUP: 2776
2 120 97 36 #SUP: 2776
2 120 97 94 #SUP: 2776
2 120 97 36 94 #SUP: 2776
2 120 97 90 #SUP: 2776
2 120 97 36 #SUP: 2776
2 120 97 90 #SUP: 2776
2 120 97 36 90 #SUP: 2776
2 120 97 94 #SUP: 2776
2 120 97 90 #SUP: 2776
2 120 97 94 90 #SUP: 2776
2 120 97 36 #SUP: 2776
2 120 97 94 #SUP: 2776
2 120 97 90 #SUP: 2776
2 120 97 36 94 90 #SUP: 2776
2 120 36 #SUP: 2848
2 120 36 94 #SUP: 2848
2 120 36 90 #SUP: 2848
2 120 36 94 90 #SUP: 2848
2 120 94 #SUP: 2848
2 120 94 90 #SUP: 2848
2 120 90 #SUP: 2848
2 24 #SUP: 3304
2 24 38 #SUP: 3200
2 24 38 97 #SUP: 3152
2 24 38 97 36 #SUP: 3152
2 24 38 97 94 #SUP: 3152
2 24 38 97 36 #SUP: 3152
2 24 38 97 94 #SUP: 3152
2 24 38 97 36 94 #SUP: 3152
2 24 38 97 90 #SUP: 3152
2 24 38 97 36 #SUP: 3152
2 24 38 97 90 #SUP: 3152
2 24 38 97 36 90 #SUP: 3152
2 24 38 97 94 #SUP: 3152
2 24 38 97 90 #SUP: 3152
2 24 38 97 94 90 #SUP: 3152
2 24 38 97 36 #SUP: 3152
2 24 38 97 94 #SUP: 3152
2 24 38 97 90 #SUP: 3152
2 24 38 97 36 94 90 #SUP: 3152
2 24 38 36 #SUP: 3176
2 24 38 36 94 #SUP: 3176
2 24 38 36 90 #SUP: 3176
2 24 38 36 94 90 #SUP: 3176
2 24 38 94 #SUP: 3200
2 24 38 94 90 #SUP: 3200
2 24 38 90 #SUP: 3200
2 24 97 #SUP: 3256
2 24 97 36 #SUP: 3256
2 24 97 36 94 #SUP: 3248
2 24 97 36 90 #SUP: 3256
2 24 97 36 94 90 #SUP: 3248
2 24 97 94 #SUP: 3248
2 24 97 94 90 #SUP: 3248
2 24 97 90 #SUP: 3256
2 24 36 #SUP: 3280
2 24 36 94 #SUP: 3272
2 24 36 90 #SUP: 3280
2 24 36 94 90 #SUP: 3272
2 24 94 #SUP: 3296
2 24 94 90 #SUP: 3296
2 24 90 #SUP: 3304
2 38 #SUP: 3816
2 38 97 #SUP: 3696
2 38 97 36 #SUP: 3696
2 38 97 94 #SUP: 3696
2 38 97 36 #SUP: 3696
2 38 97 94 #SUP: 3696
2 38 97 36 94 #SUP: 3696
2 38 97 90 #SUP: 3696
2 38 97 36 #SUP: 3696
2 38 97 90 #SUP: 3696
2 38 97 36 90 #SUP: 3696
2 38 97 94 #SUP: 3696
2 38 97 90 #SUP: 3696
2 38 97 94 90 #SUP: 3696
2 38 97 36 #SUP: 3696
2 38 97 94 #SUP: 3696
2 38 97 90 #SUP: 3696
2 38 97 36 94 90 #SUP: 3696
2 38 36 #SUP: 3792
2 38 36 94 #SUP: 3792
2 38 36 90 #SUP: 3792
2 38 36 94 90 #SUP: 3792
2 38 94 #SUP: 3816
2 38 94 90 #SUP: 3816
2 38 90 #SUP: 3816
2 97 #SUP: 3808
2 97 36 #SUP: 3808
2 97 36 94 #SUP: 3800
2 97 36 90 #SUP: 3808
2 97 36 94 90 #SUP: 3800
2 97 94 #SUP: 3800
2 97 94 90 #SUP: 3800
2 97 90 #SUP: 3808
2 36 #SUP: 3904
2 36 94 #SUP: 3896
2 36 90 #SUP: 3904
2 36 94 90 #SUP: 3896
2 94 #SUP: 3920
2 94 90 #SUP: 3920
2 90 #SUP: 3928
104 1 #SUP: 3152
104 1 71 #SUP: 2800
104 1 71 67 #SUP: 2728
104 1 71 67 41 #SUP: 2536
104 1 71 67 41 90 #SUP: 2536
104 1 71 67 38 #SUP: 2560
104 1 71 67 38 97 #SUP: 2528
104 1 71 67 38 90 #SUP: 2560
104 1 71 67 38 97 90 #SUP: 2528
104 1 71 67 97 #SUP: 2624
104 1 71 67 97 90 #SUP: 2624
104 1 71 67 36 #SUP: 2536
104 1 71 67 36 94 #SUP: 2536
104 1 71 67 36 90 #SUP: 2536
104 1 71 67 36 94 90 #SUP: 2536
104 1 71 67 94 #SUP: 2536
104 1 71 67 94 90 #SUP: 2536
104 1 71 67 90 #SUP: 2728
104 1 71 41 #SUP: 2608
104 1 71 41 90 #SUP: 2608
104 1 71 38 #SUP: 2560
104 1 71 38 97 #SUP: 2528
104 1 71 38 90 #SUP: 2560
104 1 71 38 97 90 #SUP: 2528
104 1 71 97 #SUP: 2624
104 1 71 97 90 #SUP: 2624
104 1 71 36 #SUP: 2608
104 1 71 36 94 #SUP: 2608
104 1 71 36 90 #SUP: 2608
104 1 71 36 94 90 #SUP: 2608
104 1 71 94 #SUP: 2608
104 1 71 94 90 #SUP: 2608
104 1 71 90 #SUP: 2800
104 1 67 #SUP: 2992
104 1 67 41 #SUP: 2800
104 1 67 41 38 #SUP: 2656
104 1 67 41 38 97 #SUP: 2624
104 1 67 41 38 90 #SUP: 2656
104 1 67 41 38 97 90 #SUP: 2624
104 1 67 41 97 #SUP: 2624
104 1 67 41 97 90 #SUP: 2624
104 1 67 41 36 #SUP: 2608
104 1 67 41 36 94 #SUP: 2608
104 1 67 41 36 90 #SUP: 2608
104 1 67 41 36 94 90 #SUP: 2608
104 1 67 41 94 #SUP: 2608
104 1 67 41 94 90 #SUP: 2608
104 1 67 41 90 #SUP: 2800
104 1 67 38 #SUP: 2752
104 1 67 38 97 #SUP: 2720
104 1 67 38 97 36 #SUP: 2528
104 1 67 38 97 36 94 #SUP: 2528
104 1 67 38 97 36 90 #SUP: 2528
104 1 67 38 97 36 94 90 #SUP: 2528
104 1 67 38 97 94 #SUP: 2528
104 1 67 38 97 94 90 #SUP: 2528
104 1 67 38 97 90 #SUP: 2720
104 1 67 38 36 #SUP: 2560
104 1 67 38 36 94 #SUP: 2560
104 1 67 38 36 90 #SUP: 2560
104 1 67 38 36 94 90 #SUP: 2560
104 1 67 38 94 #SUP: 2560
104 1 67 38 94 90 #SUP: 2560
104 1 67 38 90 #SUP: 2752
104 1 67 97 #SUP: 2816
104 1 67 97 36 #SUP: 2624
104 1 67 97 36 94 #SUP: 2624
104 1 67 97 36 90 #SUP: 2624
104 1 67 97 36 94 90 #SUP: 2624
104 1 67 97 94 #SUP: 2624
104 1 67 97 94 90 #SUP: 2624
104 1 67 97 90 #SUP: 2816
104 1 67 36 #SUP: 2800
104 1 67 36 94 #SUP: 2800
104 1 67 36 90 #SUP: 2800
104 1 67 36 94 90 #SUP: 2800
104 1 67 94 #SUP: 2800
104 1 67 94 90 #SUP: 2800
104 1 67 90 #SUP: 2992
104 1 41 #SUP: 2960
104 1 41 38 #SUP: 2672
104 1 41 38 97 #SUP: 2624
104 1 41 38 90 #SUP: 2672
104 1 41 38 97 90 #SUP: 2624
104 1 41 97 #SUP: 2624
104 1 41 97 90 #SUP: 2624
104 1 41 36 #SUP: 2768
104 1 41 36 94 #SUP: 2768
104 1 41 36 90 #SUP: 2768
104 1 41 36 94 90 #SUP: 2768
104 1 41 94 #SUP: 2768
104 1 41 94 90 #SUP: 2768
104 1 41 90 #SUP: 2960
104 1 38 #SUP: 2768
104 1 38 97 #SUP: 2720
104 1 38 97 36 #SUP: 2528
104 1 38 97 36 94 #SUP: 2528
104 1 38 97 36 90 #SUP: 2528
104 1 38 97 36 94 90 #SUP: 2528
104 1 38 97 94 #SUP: 2528
104 1 38 97 94 90 #SUP: 2528
104 1 38 97 90 #SUP: 2720
104 1 38 36 #SUP: 2576
104 1 38 36 94 #SUP: 2576
104 1 38 36 90 #SUP: 2576
104 1 38 36 94 90 #SUP: 2576
104 1 38 94 #SUP: 2576
104 1 38 94 90 #SUP: 2576
104 1 38 90 #SUP: 2768
104 1 97 #SUP: 2816
104 1 97 36 #SUP: 2624
104 1 97 36 94 #SUP: 2624
104 1 97 36 90 #SUP: 2624
104 1 97 36 94 90 #SUP: 2624
104 1 97 94 #SUP: 2624
104 1 97 94 90 #SUP: 2624
104 1 97 90 #SUP: 2816
104 1 36 #SUP: 2960
104 1 36 94 #SUP: 2960
104 1 36 90 #SUP: 2960
104 1 36 94 90 #SUP: 2960
104 1 94 #SUP: 2960
104 1 94 90 #SUP: 2960
104 1 90 #SUP: 3152
104 88 #SUP: 2608
104 88 36 #SUP: 2608
104 88 94 #SUP: 2608
104 88 36 #SUP: 2608
104 88 94 #SUP: 2608
104 88 36 94 #SUP: 2608
104 88 90 #SUP: 2608
104 88 36 #SUP: 2608
104 88 90 #SUP: 2608
104 88 36 90 #SUP: 2608
104 88 94 #SUP: 2608
104 88 90 #SUP: 2608
104 88 94 90 #SUP: 2608
104 88 36 #SUP: 2608
104 88 94 #SUP: 2608
104 88 90 #SUP: 2608
104 88 36 94 90 #SUP: 2608
104 79 #SUP: 2608
104 79 36 #SUP: 2608
104 79 94 #SUP: 2608
104 79 36 #SUP: 2608
104 79 94 #SUP: 2608
104 79 36 94 #SUP: 2608
104 79 90 #SUP: 2608
104 79 36 #SUP: 2608
104 79 90 #SUP: 2608
104 79 36 90 #SUP: 2608
104 79 94 #SUP: 2608
104 79 90 #SUP: 2608
104 79 94 90 #SUP: 2608
104 79 36 #SUP: 2608
104 79 94 #SUP: 2608
104 79 90 #SUP: 2608
104 79 36 94 90 #SUP: 2608
104 71 #SUP: 3472
104 71 67 #SUP: 3328
104 71 67 41 #SUP: 2680
104 71 67 41 38 #SUP: 2608
104 71 67 41 90 #SUP: 2680
104 71 67 41 38 90 #SUP: 2608
104 71 67 38 #SUP: 3056
104 71 67 38 97 #SUP: 2952
104 71 67 38 97 36 #SUP: 2760
104 71 67 38 97 36 94 #SUP: 2760
104 71 67 38 97 36 90 #SUP: 2760
104 71 67 38 97 36 94 90 #SUP: 2760
104 71 67 38 97 94 #SUP: 2760
104 71 67 38 97 94 90 #SUP: 2760
104 71 67 38 97 90 #SUP: 2952
104 71 67 38 36 #SUP: 2864
104 71 67 38 36 94 #SUP: 2864
104 71 67 38 36 90 #SUP: 2864
104 71 67 38 36 94 90 #SUP: 2864
104 71 67 38 94 #SUP: 2864
104 71 67 38 94 90 #SUP: 2864
104 71 67 38 90 #SUP: 3056
104 71 67 97 #SUP: 3152
104 71 67 97 36 #SUP: 2960
104 71 67 97 36 94 #SUP: 2960
104 71 67 97 36 90 #SUP: 2960
104 71 67 97 36 94 90 #SUP: 2960
104 71 67 97 94 #SUP: 2960
104 71 67 97 94 90 #SUP: 2960
104 71 67 97 90 #SUP: 3152
104 71 67 36 #SUP: 3136
104 71 67 36 94 #SUP: 3136
104 71 67 36 90 #SUP: 3136
104 71 67 36 94 90 #SUP: 3136
104 71 67 94 #SUP: 3136
104 71 67 94 90 #SUP: 3136
104 71 67 90 #SUP: 3328
104 71 41 #SUP: 2824
104 71 41 38 #SUP: 2680
104 71 41 38 97 #SUP: 2576
104 71 41 38 90 #SUP: 2680
104 71 41 38 97 90 #SUP: 2576
104 71 41 97 #SUP: 2576
104 71 41 97 90 #SUP: 2576
104 71 41 36 #SUP: 2632
104 71 41 36 94 #SUP: 2632
104 71 41 36 90 #SUP: 2632
104 71 41 36 94 90 #SUP: 2632
104 71 41 94 #SUP: 2632
104 71 41 94 90 #SUP: 2632
104 71 41 90 #SUP: 2824
104 71 38 #SUP: 3128
104 71 38 97 #SUP: 3024
104 71 38 97 36 #SUP: 2832
104 71 38 97 36 94 #SUP: 2832
104 71 38 97 36 90 #SUP: 2832
104 71 38 97 36 94 90 #SUP: 2832
104 71 38 97 94 #SUP: 2832
104 71 38 97 94 90 #SUP: 2832
104 71 38 97 90 #SUP: 3024
104 71 38 36 #SUP: 2936
104 71 38 36 94 #SUP: 2936
104 71 38 36 90 #SUP: 2936
104 71 38 36 94 90 #SUP: 2936
104 71 38 94 #SUP: 2936
104 71 38 94 90 #SUP: 2936
104 71 38 90 #SUP: 3128
104 71 97 #SUP: 3224
104 71 97 36 #SUP: 3032
104 71 97 36 94 #SUP: 3032
104 71 97 36 90 #SUP: 3032
104 71 97 36 94 90 #SUP: 3032
104 71 97 94 #SUP: 3032
104 71 97 94 90 #SUP: 3032
104 71 97 90 #SUP: 3224
104 71 36 #SUP: 3280
104 71 36 94 #SUP: 3280
104 71 36 90 #SUP: 3280
104 71 36 94 90 #SUP: 3280
104 71 94 #SUP: 3280
104 71 94 90 #SUP: 3280
104 71 90 #SUP: 3472
104 67 #SUP: 3664
104 67 41 #SUP: 3016
104 67 41 38 #SUP: 2872
104 67 41 38 97 #SUP: 2768
104 67 41 38 97 36 #SUP: 2576
104 67 41 38 97 36 94 #SUP: 2576
104 67 41 38 97 36 90 #SUP: 2576
104 67 41 38 97 36 94 90 #SUP: 2576
104 67 41 38 97 94 #SUP: 2576
104 67 41 38 97 94 90 #SUP: 2576
104 67 41 38 97 90 #SUP: 2768
104 67 41 38 36 #SUP: 2680
104 67 41 38 36 94 #SUP: 2680
104 67 41 38 36 90 #SUP: 2680
104 67 41 38 36 94 90 #SUP: 2680
104 67 41 38 94 #SUP: 2680
104 67 41 38 94 90 #SUP: 2680
104 67 41 38 90 #SUP: 2872
104 67 41 97 #SUP: 2768
104 67 41 97 36 #SUP: 2576
104 67 41 97 36 94 #SUP: 2576
104 67 41 97 36 90 #SUP: 2576
104 67 41 97 36 94 90 #SUP: 2576
104 67 41 97 94 #SUP: 2576
104 67 41 97 94 90 #SUP: 2576
104 67 41 97 90 #SUP: 2768
104 67 41 36 #SUP: 2824
104 67 41 36 94 #SUP: 2824
104 67 41 36 90 #SUP: 2824
104 67 41 36 94 90 #SUP: 2824
104 67 41 94 #SUP: 2824
104 67 41 94 90 #SUP: 2824
104 67 41 90 #SUP: 3016
104 67 38 #SUP: 3320
104 67 38 97 #SUP: 3216
104 67 38 97 36 #SUP: 3024
104 67 38 97 36 94 #SUP: 3024
104 67 38 97 36 90 #SUP: 3024
104 67 38 97 36 94 90 #SUP: 3024
104 67 38 97 94 #SUP: 3024
104 67 38 97 94 90 #SUP: 3024
104 67 38 97 90 #SUP: 3216
104 67 38 36 #SUP: 3128
104 67 38 36 94 #SUP: 3128
104 67 38 36 90 #SUP: 3128
104 67 38 36 94 90 #SUP: 3128
104 67 38 94 #SUP: 3128
104 67 38 94 90 #SUP: 3128
104 67 38 90 #SUP: 3320
104 67 97 #SUP: 3416
104 67 97 36 #SUP: 3224
104 67 97 36 94 #SUP: 3224
104 67 97 36 90 #SUP: 3224
104 67 97 36 94 90 #SUP: 3224
104 67 97 94 #SUP: 3224
104 67 97 94 90 #SUP: 3224
104 67 97 90 #SUP: 3416
104 67 36 #SUP: 3472
104 67 36 94 #SUP: 3472
104 67 36 90 #SUP: 3472
104 67 36 94 90 #SUP: 3472
104 67 94 #SUP: 3472
104 67 94 90 #SUP: 3472
104 67 90 #SUP: 3664
104 41 #SUP: 3320
104 41 38 #SUP: 3032
104 41 38 97 #SUP: 2912
104 41 38 97 36 #SUP: 2720
104 41 38 97 36 94 #SUP: 2720
104 41 38 97 36 90 #SUP: 2720
104 41 38 97 36 94 90 #SUP: 2720
104 41 38 97 94 #SUP: 2720
104 41 38 97 94 90 #SUP: 2720
104 41 38 97 90 #SUP: 2912
104 41 38 36 #SUP: 2840
104 41 38 36 94 #SUP: 2840
104 41 38 36 90 #SUP: 2840
104 41 38 36 94 90 #SUP: 2840
104 41 38 94 #SUP: 2840
104 41 38 94 90 #SUP: 2840
104 41 38 90 #SUP: 3032
104 41 97 #SUP: 2912
104 41 97 36 #SUP: 2720
104 41 97 36 94 #SUP: 2720
104 41 97 36 90 #SUP: 2720
104 41 97 36 94 90 #SUP: 2720
104 41 97 94 #SUP: 2720
104 41 97 94 90 #SUP: 2720
104 41 97 90 #SUP: 2912
104 41 36 #SUP: 3128
104 41 36 94 #SUP: 3128
104 41 36 90 #SUP: 3128
104 41 36 94 90 #SUP: 3128
104 41 94 #SUP: 3128
104 41 94 90 #SUP: 3128
104 41 90 #SUP: 3320
104 38 #SUP: 3480
104 38 97 #SUP: 3360
104 38 97 36 #SUP: 3168
104 38 97 36 94 #SUP: 3168
104 38 97 36 90 #SUP: 3168
104 38 97 36 94 90 #SUP: 3168
104 38 97 94 #SUP: 3168
104 38 97 94 90 #SUP: 3168
104 38 97 90 #SUP: 3360
104 38 36 #SUP: 3288
104 38 36 94 #SUP: 3288
104 38 36 90 #SUP: 3288
104 38 36 94 90 #SUP: 3288
104 38 94 #SUP: 3288
104 38 94 90 #SUP: 3288
104 38 90 #SUP: 3480
104 97 #SUP: 3560
104 97 36 #SUP: 3368
104 97 36 94 #SUP: 3368
104 97 36 90 #SUP: 3368
104 97 36 94 90 #SUP: 3368
104 97 94 #SUP: 3368
104 97 94 90 #SUP: 3368
104 97 90 #SUP: 3560
104 36 #SUP: 3776
104 36 94 #SUP: 3776
104 36 90 #SUP: 3776
104 36 94 90 #SUP: 3776
104 94 #SUP: 3776
104 94 90 #SUP: 3776
104 90 #SUP: 3968
120 56 #SUP: 2832
120 56 38 #SUP: 2736
120 56 38 97 #SUP: 2736
120 56 38 36 #SUP: 2736
120 56 38 97 #SUP: 2736
120 56 38 36 #SUP: 2736
120 56 38 97 36 #SUP: 2736
120 56 38 94 #SUP: 2736
120 56 38 97 #SUP: 2736
120 56 38 94 #SUP: 2736
120 56 38 97 94 #SUP: 2736
120 56 38 36 #SUP: 2736
120 56 38 94 #SUP: 2736
120 56 38 36 94 #SUP: 2736
120 56 38 97 #SUP: 2736
120 56 38 36 #SUP: 2736
120 56 38 94 #SUP: 2736
120 56 38 97 36 94 #SUP: 2736
120 56 38 90 #SUP: 2736
120 56 38 97 #SUP: 2736
120 56 38 90 #SUP: 2736
120 56 38 97 90 #SUP: 2736
120 56 38 36 #SUP: 2736
120 56 38 90 #SUP: 2736
120 56 38 36 90 #SUP: 2736
120 56 38 97 #SUP: 2736
120 56 38 36 #SUP: 2736
120 56 38 90 #SUP: 2736
120 56 38 97 36 90 #SUP: 2736
120 56 38 94 #SUP: 2736
120 56 38 90 #SUP: 2736
120 56 38 94 90 #SUP: 2736
120 56 38 97 #SUP: 2736
120 56 38 94 #SUP: 2736
120 56 38 90 #SUP: 2736
120 56 38 97 94 90 #SUP: 2736
120 56 38 36 #SUP: 2736
120 56 38 94 #SUP: 2736
120 56 38 90 #SUP: 2736
120 56 38 36 94 90 #SUP: 2736
120 56 38 97 #SUP: 2736
120 56 38 36 #SUP: 2736
120 56 38 94 #SUP: 2736
120 56 38 90 #SUP: 2736
120 56 38 97 36 94 90 #SUP: 2736
120 56 97 #SUP: 2832
120 56 97 36 #SUP: 2832
120 56 97 94 #SUP: 2832
120 56 97 36 #SUP: 2832
120 56 97 94 #SUP: 2832
120 56 97 36 94 #SUP: 2832
120 56 97 90 #SUP: 2832
120 56 97 36 #SUP: 2832
120 56 97 90 #SUP: 2832
120 56 97 36 90 #SUP: 2832
120 56 97 94 #SUP: 2832
120 56 97 90 #SUP: 2832
120 56 97 94 90 #SUP: 2832
120 56 97 36 #SUP: 2832
120 56 97 94 #SUP: 2832
120 56 97 90 #SUP: 2832
120 56 97 36 94 90 #SUP: 2832
120 56 36 #SUP: 2832
120 56 36 94 #SUP: 2832
120 56 36 90 #SUP: 2832
120 56 36 94 90 #SUP: 2832
120 56 94 #SUP: 2832
120 56 94 90 #SUP: 2832
120 56 90 #SUP: 2832
120 24 #SUP: 2744
120 24 38 #SUP: 2624
120 24 38 97 #SUP: 2624
120 24 38 97 36 #SUP: 2528
120 24 38 97 36 94 #SUP: 2528
120 24 38 97 36 90 #SUP: 2528
120 24 38 97 36 94 90 #SUP: 2528
120 24 38 97 94 #SUP: 2528
120 24 38 97 94 90 #SUP: 2528
120 24 38 97 90 #SUP: 2624
120 24 38 36 #SUP: 2528
120 24 38 36 94 #SUP: 2528
120 24 38 36 90 #SUP: 2528
120 24 38 36 94 90 #SUP: 2528
120 24 38 94 #SUP: 2528
120 24 38 94 90 #SUP: 2528
120 24 38 90 #SUP: 2624
120 24 97 #SUP: 2744
120 24 97 36 #SUP: 2648
120 24 97 36 94 #SUP: 2648
120 24 97 36 90 #SUP: 2648
120 24 97 36 94 90 #SUP: 2648
120 24 97 94 #SUP: 2648
120 24 97 94 90 #SUP: 2648
120 24 97 90 #SUP: 2744
120 24 36 #SUP: 2648
120 24 36 94 #SUP: 2648
120 24 36 90 #SUP: 2648
120 24 36 94 90 #SUP: 2648
120 24 94 #SUP: 2648
120 24 94 90 #SUP: 2648
120 24 90 #SUP: 2744
120 38 #SUP: 3848
120 38 97 #SUP: 3760
120 38 97 36 #SUP: 3664
120 38 97 36 94 #SUP: 3664
120 38 97 36 90 #SUP: 3664
120 38 97 36 94 90 #SUP: 3664
120 38 97 94 #SUP: 3664
120 38 97 94 90 #SUP: 3664
120 38 97 90 #SUP: 3760
120 38 36 #SUP: 3752
120 38 36 94 #SUP: 3752
120 38 36 90 #SUP: 3752
120 38 36 94 90 #SUP: 3752
120 38 94 #SUP: 3752
120 38 94 90 #SUP: 3752
120 38 90 #SUP: 3848
120 97 #SUP: 3976
120 97 36 #SUP: 3880
120 97 36 94 #SUP: 3880
120 97 36 90 #SUP: 3880
120 97 36 94 90 #SUP: 3880
120 97 94 #SUP: 3880
120 97 94 90 #SUP: 3880
120 97 90 #SUP: 3976
120 36 #SUP: 3968
120 36 94 #SUP: 3968
120 36 90 #SUP: 3968
120 36 94 90 #SUP: 3968
120 94 #SUP: 3968
120 94 90 #SUP: 3968
120 90 #SUP: 4064
1 88 #SUP: 2960
1 88 79 #SUP: 2528
1 88 79 36 #SUP: 2528
1 88 79 94 #SUP: 2528
1 88 79 36 #SUP: 2528
1 88 79 94 #SUP: 2528
1 88 79 36 94 #SUP: 2528
1 88 79 90 #SUP: 2528
1 88 79 36 #SUP: 2528
1 88 79 90 #SUP: 2528
1 88 79 36 90 #SUP: 2528
1 88 79 94 #SUP: 2528
1 88 79 90 #SUP: 2528
1 88 79 94 90 #SUP: 2528
1 88 79 36 #SUP: 2528
1 88 79 94 #SUP: 2528
1 88 79 90 #SUP: 2528
1 88 79 36 94 90 #SUP: 2528
1 88 41 #SUP: 2720
1 88 41 36 #SUP: 2720
1 88 41 94 #SUP: 2720
1 88 41 36 #SUP: 2720
1 88 41 94 #SUP: 2720
1 88 41 36 94 #SUP: 2720
1 88 41 90 #SUP: 2720
1 88 41 36 #SUP: 2720
1 88 41 90 #SUP: 2720
1 88 41 36 90 #SUP: 2720
1 88 41 94 #SUP: 2720
1 88 41 90 #SUP: 2720
1 88 41 94 90 #SUP: 2720
1 88 41 36 #SUP: 2720
1 88 41 94 #SUP: 2720
1 88 41 90 #SUP: 2720
1 88 41 36 94 90 #SUP: 2720
1 88 97 #SUP: 2544
1 88 97 36 #SUP: 2544
1 88 97 94 #SUP: 2544
1 88 97 36 #SUP: 2544
1 88 97 94 #SUP: 2544
1 88 97 36 94 #SUP: 2544
1 88 97 90 #SUP: 2544
1 88 97 36 #SUP: 2544
1 88 97 90 #SUP: 2544
1 88 97 36 90 #SUP: 2544
1 88 97 94 #SUP: 2544
1 88 97 90 #SUP: 2544
1 88 97 94 90 #SUP: 2544
1 88 97 36 #SUP: 2544
1 88 97 94 #SUP: 2544
1 88 97 90 #SUP: 2544
1 88 97 36 94 90 #SUP: 2544
1 88 36 #SUP: 2960
1 88 36 94 #SUP: 2960
1 88 36 90 #SUP: 2960
1 88 36 94 90 #SUP: 2960
1 88 94 #SUP: 2960
1 88 94 90 #SUP: 2960
1 88 90 #SUP: 2960
1 79 #SUP: 3032
1 79 41 #SUP: 2720
1 79 41 36 #SUP: 2720
1 79 41 94 #SUP: 2720
1 79 41 36 #SUP: 2720
1 79 41 94 #SUP: 2720
1 79 41 36 94 #SUP: 2720
1 79 41 90 #SUP: 2720
1 79 41 36 #SUP: 2720
1 79 41 90 #SUP: 2720
1 79 41 36 90 #SUP: 2720
1 79 41 94 #SUP: 2720
1 79 41 90 #SUP: 2720
1 79 41 94 90 #SUP: 2720
1 79 41 36 #SUP: 2720
1 79 41 94 #SUP: 2720
1 79 41 90 #SUP: 2720
1 79 41 36 94 90 #SUP: 2720
1 79 97 #SUP: 2616
1 79 97 36 #SUP: 2616
1 79 97 94 #SUP: 2616
1 79 97 36 #SUP: 2616
1 79 97 94 #SUP: 2616
1 79 97 36 94 #SUP: 2616
1 79 97 90 #SUP: 2616
1 79 97 36 #SUP: 2616
1 79 97 90 #SUP: 2616
1 79 97 36 90 #SUP: 2616
1 79 97 94 #SUP: 2616
1 79 97 90 #SUP: 2616
1 79 97 94 90 #SUP: 2616
1 79 97 36 #SUP: 2616
1 79 97 94 #SUP: 2616
1 79 97 90 #SUP: 2616
1 79 97 36 94 90 #SUP: 2616
1 79 36 #SUP: 3032
1 79 36 94 #SUP: 3032
1 79 36 90 #SUP: 3032
1 79 36 94 90 #SUP: 3032
1 79 94 #SUP: 3032
1 79 94 90 #SUP: 3032
1 79 90 #SUP: 3032
1 56 #SUP: 2848
1 56 41 #SUP: 2752
1 56 41 97 #SUP: 2752
1 56 41 36 #SUP: 2752
1 56 41 97 #SUP: 2752
1 56 41 36 #SUP: 2752
1 56 41 97 36 #SUP: 2752
1 56 41 94 #SUP: 2752
1 56 41 97 #SUP: 2752
1 56 41 94 #SUP: 2752
1 56 41 97 94 #SUP: 2752
1 56 41 36 #SUP: 2752
1 56 41 94 #SUP: 2752
1 56 41 36 94 #SUP: 2752
1 56 41 97 #SUP: 2752
1 56 41 36 #SUP: 2752
1 56 41 94 #SUP: 2752
1 56 41 97 36 94 #SUP: 2752
1 56 41 90 #SUP: 2752
1 56 41 97 #SUP: 2752
1 56 41 90 #SUP: 2752
1 56 41 97 90 #SUP: 2752
1 56 41 36 #SUP: 2752
1 56 41 90 #SUP: 2752
1 56 41 36 90 #SUP: 2752
1 56 41 97 #SUP: 2752
1 56 41 36 #SUP: 2752
1 56 41 90 #SUP: 2752
1 56 41 97 36 90 #SUP: 2752
1 56 41 94 #SUP: 2752
1 56 41 90 #SUP: 2752
1 56 41 94 90 #SUP: 2752
1 56 41 97 #SUP: 2752
1 56 41 94 #SUP: 2752
1 56 41 90 #SUP: 2752
1 56 41 97 94 90 #SUP: 2752
1 56 41 36 #SUP: 2752
1 56 41 94 #SUP: 2752
1 56 41 90 #SUP: 2752
1 56 41 36 94 90 #SUP: 2752
1 56 41 97 #SUP: 2752
1 56 41 36 #SUP: 2752
1 56 41 94 #SUP: 2752
1 56 41 90 #SUP: 2752
1 56 41 97 36 94 90 #SUP: 2752
1 56 97 #SUP: 2848
1 56 97 36 #SUP: 2848
1 56 97 94 #SUP: 2848
1 56 97 36 #SUP: 2848
1 56 97 94 #SUP: 2848
1 56 97 36 94 #SUP: 2848
1 56 97 90 #SUP: 2848
1 56 97 36 #SUP: 2848
1 56 97 90 #SUP: 2848
1 56 97 36 90 #SUP: 2848
1 56 97 94 #SUP: 2848
1 56 97 90 #SUP: 2848
1 56 97 94 90 #SUP: 2848
1 56 97 36 #SUP: 2848
1 56 97 94 #SUP: 2848
1 56 97 90 #SUP: 2848
1 56 97 36 94 90 #SUP: 2848
1 56 36 #SUP: 2848
1 56 36 94 #SUP: 2848
1 56 36 90 #SUP: 2848
1 56 36 94 90 #SUP: 2848
1 56 94 #SUP: 2848
1 56 94 90 #SUP: 2848
1 56 90 #SUP: 2848
1 71 #SUP: 3540
1 71 67 #SUP: 3194
1 71 67 41 #SUP: 2984
1 71 67 41 38 #SUP: 2656
1 71 67 41 38 90 #SUP: 2656
1 71 67 41 97 #SUP: 2688
1 71 67 41 97 90 #SUP: 2688
1 71 67 41 36 #SUP: 2792
1 71 67 41 36 94 #SUP: 2792
1 71 67 41 36 90 #SUP: 2792
1 71 67 41 36 94 90 #SUP: 2792
1 71 67 41 94 #SUP: 2792
1 71 67 41 94 90 #SUP: 2792
1 71 67 41 90 #SUP: 2984
1 71 67 38 #SUP: 2752
1 71 67 38 97 #SUP: 2528
1 71 67 38 97 90 #SUP: 2528
1 71 67 38 36 #SUP: 2560
1 71 67 38 36 94 #SUP: 2560
1 71 67 38 36 90 #SUP: 2560
1 71 67 38 36 94 90 #SUP: 2560
1 71 67 38 94 #SUP: 2560
1 71 67 38 94 90 #SUP: 2560
1 71 67 38 90 #SUP: 2752
1 71 67 97 #SUP: 2898
1 71 67 97 36 #SUP: 2706
1 71 67 97 36 94 #SUP: 2706
1 71 67 97 36 90 #SUP: 2706
1 71 67 97 36 94 90 #SUP: 2706
1 71 67 97 94 #SUP: 2706
1 71 67 97 94 90 #SUP: 2706
1 71 67 97 90 #SUP: 2898
1 71 67 36 #SUP: 3002
1 71 67 36 94 #SUP: 3002
1 71 67 36 90 #SUP: 3002
1 71 67 36 94 90 #SUP: 3002
1 71 67 94 #SUP: 3002
1 71 67 94 90 #SUP: 3002
1 71 67 90 #SUP: 3194
1 71 41 #SUP: 3312
1 71 41 38 #SUP: 2656
1 71 41 38 90 #SUP: 2656
1 71 41 97 #SUP: 2944
1 71 41 97 36 #SUP: 2752
1 71 41 97 36 94 #SUP: 2752
1 71 41 97 36 90 #SUP: 2752
1 71 41 97 36 94 90 #SUP: 2752
1 71 41 97 94 #SUP: 2752
1 71 41 97 94 90 #SUP: 2752
1 71 41 97 90 #SUP: 2944
1 71 41 36 #SUP: 3120
1 71 41 36 94 #SUP: 3120
1 71 41 36 90 #SUP: 3120
1 71 41 36 94 90 #SUP: 3120
1 71 41 94 #SUP: 3120
1 71 41 94 90 #SUP: 3120
1 71 41 90 #SUP: 3312
1 71 38 #SUP: 2752
1 71 38 97 #SUP: 2528
1 71 38 97 90 #SUP: 2528
1 71 38 36 #SUP: 2560
1 71 38 36 94 #SUP: 2560
1 71 38 36 90 #SUP: 2560
1 71 38 36 94 90 #SUP: 2560
1 71 38 94 #SUP: 2560
1 71 38 94 90 #SUP: 2560
1 71 38 90 #SUP: 2752
1 71 97 #SUP: 3172
1 71 97 36 #SUP: 2980
1 71 97 36 94 #SUP: 2980
1 71 97 36 90 #SUP: 2980
1 71 97 36 94 90 #SUP: 2980
1 71 97 94 #SUP: 2980
1 71 97 94 90 #SUP: 2980
1 71 97 90 #SUP: 3172
1 71 36 #SUP: 3348
1 71 36 94 #SUP: 3348
1 71 36 90 #SUP: 3348
1 71 36 94 90 #SUP: 3348
1 71 94 #SUP: 3348
1 71 94 90 #SUP: 3348
1 71 90 #SUP: 3540
1 67 #SUP: 3780
1 67 41 #SUP: 3504
1 67 41 38 #SUP: 2848
1 67 41 38 97 #SUP: 2624
1 67 41 38 97 90 #SUP: 2624
1 67 41 38 36 #SUP: 2656
1 67 41 38 36 94 #SUP: 2656
1 67 41 38 36 90 #SUP: 2656
1 67 41 38 36 94 90 #SUP: 2656
1 67 41 38 94 #SUP: 2656
1 67 41 38 94 90 #SUP: 2656
1 67 41 38 90 #SUP: 2848
1 67 41 97 #SUP: 3136
1 67 41 97 36 #SUP: 2944
1 67 41 97 36 94 #SUP: 2944
1 67 41 97 36 90 #SUP: 2944
1 67 41 97 36 94 90 #SUP: 2944
1 67 41 97 94 #SUP: 2944
1 67 41 97 94 90 #SUP: 2944
1 67 41 97 90 #SUP: 3136
1 67 41 36 #SUP: 3312
1 67 41 36 94 #SUP: 3312
1 67 41 36 90 #SUP: 3312
1 67 41 36 94 90 #SUP: 3312
1 67 41 94 #SUP: 3312
1 67 41 94 90 #SUP: 3312
1 67 41 90 #SUP: 3504
1 67 38 #SUP: 2992
1 67 38 97 #SUP: 2768
1 67 38 97 36 #SUP: 2576
1 67 38 97 36 94 #SUP: 2576
1 67 38 97 36 90 #SUP: 2576
1 67 38 97 36 94 90 #SUP: 2576
1 67 38 97 94 #SUP: 2576
1 67 38 97 94 90 #SUP: 2576
1 67 38 97 90 #SUP: 2768
1 67 38 36 #SUP: 2800
1 67 38 36 94 #SUP: 2800
1 67 38 36 90 #SUP: 2800
1 67 38 36 94 90 #SUP: 2800
1 67 38 94 #SUP: 2800
1 67 38 94 90 #SUP: 2800
1 67 38 90 #SUP: 2992
1 67 97 #SUP: 3412
1 67 97 36 #SUP: 3220
1 67 97 36 94 #SUP: 3220
1 67 97 36 90 #SUP: 3220
1 67 97 36 94 90 #SUP: 3220
1 67 97 94 #SUP: 3220
1 67 97 94 90 #SUP: 3220
1 67 97 90 #SUP: 3412
1 67 36 #SUP: 3588
1 67 36 94 #SUP: 3588
1 67 36 90 #SUP: 3588
1 67 36 94 90 #SUP: 3588
1 67 94 #SUP: 3588
1 67 94 90 #SUP: 3588
1 67 90 #SUP: 3780
1 41 #SUP: 4176
1 41 38 #SUP: 2864
1 41 38 97 #SUP: 2624
1 41 38 97 90 #SUP: 2624
1 41 38 36 #SUP: 2672
1 41 38 36 94 #SUP: 2672
1 41 38 36 90 #SUP: 2672
1 41 38 36 94 90 #SUP: 2672
1 41 38 94 #SUP: 2672
1 41 38 94 90 #SUP: 2672
1 41 38 90 #SUP: 2864
1 41 97 #SUP: 3648
1 41 97 36 #SUP: 3456
1 41 97 36 94 #SUP: 3456
1 41 97 36 90 #SUP: 3456
1 41 97 36 94 90 #SUP: 3456
1 41 97 94 #SUP: 3456
1 41 97 94 90 #SUP: 3456
1 41 97 90 #SUP: 3648
1 41 36 #SUP: 3984
1 41 36 94 #SUP: 3984
1 41 36 90 #SUP: 3984
1 41 36 94 90 #SUP: 3984
1 41 94 #SUP: 3984
1 41 94 90 #SUP: 3984
1 41 90 #SUP: 4176
1 38 #SUP: 3008
1 38 97 #SUP: 2768
1 38 97 36 #SUP: 2576
1 38 97 36 94 #SUP: 2576
1 38 97 36 90 #SUP: 2576
1 38 97 36 94 90 #SUP: 2576
1 38 97 94 #SUP: 2576
1 38 97 94 90 #SUP: 2576
1 38 97 90 #SUP: 2768
1 38 36 #SUP: 2816
1 38 36 94 #SUP: 2816
1 38 36 90 #SUP: 2816
1 38 36 94 90 #SUP: 2816
1 38 94 #SUP: 2816
1 38 94 90 #SUP: 2816
1 38 90 #SUP: 3008
1 97 #SUP: 3960
1 97 36 #SUP: 3768
1 97 36 94 #SUP: 3768
1 97 36 90 #SUP: 3768
1 97 36 94 90 #SUP: 3768
1 97 94 #SUP: 3768
1 97 94 90 #SUP: 3768
1 97 90 #SUP: 3960
1 36 #SUP: 4296
1 36 94 #SUP: 4296
1 36 90 #SUP: 4296
1 36 94 90 #SUP: 4296
1 94 #SUP: 4296
1 94 90 #SUP: 4296
1 90 #SUP: 4488
88 79 #SUP: 3776
88 79 67 #SUP: 2760
88 79 67 36 #SUP: 2760
88 79 67 94 #SUP: 2760
88 79 67 36 #SUP: 2760
88 79 67 94 #SUP: 2760
88 79 67 36 94 #SUP: 2760
88 79 67 90 #SUP: 2760
88 79 67 36 #SUP: 2760
88 79 67 90 #SUP: 2760
88 79 67 36 90 #SUP: 2760
88 79 67 94 #SUP: 2760
88 79 67 90 #SUP: 2760
88 79 67 94 90 #SUP: 2760
88 79 67 36 #SUP: 2760
88 79 67 94 #SUP: 2760
88 79 67 90 #SUP: 2760
88 79 67 36 94 90 #SUP: 2760
88 79 41 #SUP: 2648
88 79 41 36 #SUP: 2648
88 79 41 94 #SUP: 2648
88 79 41 36 #SUP: 2648
88 79 41 94 #SUP: 2648
88 79 41 36 94 #SUP: 2648
88 79 41 90 #SUP: 2648
88 79 41 36 #SUP: 2648
88 79 41 90 #SUP: 2648
88 79 41 36 90 #SUP: 2648
88 79 41 94 #SUP: 2648
88 79 41 90 #SUP: 2648
88 79 41 94 90 #SUP: 2648
88 79 41 36 #SUP: 2648
88 79 41 94 #SUP: 2648
88 79 41 90 #SUP: 2648
88 79 41 36 94 90 #SUP: 2648
88 79 97 #SUP: 3336
88 79 97 36 #SUP: 3336
88 79 97 94 #SUP: 3336
88 79 97 36 #SUP: 3336
88 79 97 94 #SUP: 3336
88 79 97 36 94 #SUP: 3336
88 79 97 90 #SUP: 3336
88 79 97 36 #SUP: 3336
88 79 97 90 #SUP: 3336
88 79 97 36 90 #SUP: 3336
88 79 97 94 #SUP: 3336
88 79 97 90 #SUP: 3336
88 79 97 94 90 #SUP: 3336
88 79 97 36 #SUP: 3336
88 79 97 94 #SUP: 3336
88 79 97 90 #SUP: 3336
88 79 97 36 94 90 #SUP: 3336
88 79 36 #SUP: 3776
88 79 36 94 #SUP: 3776
88 79 36 90 #SUP: 3776
88 79 36 94 90 #SUP: 3776
88 79 94 #SUP: 3776
88 79 94 90 #SUP: 3776
88 79 90 #SUP: 3776
88 56 #SUP: 2848
88 56 97 #SUP: 2848
88 56 36 #SUP: 2848
88 56 97 #SUP: 2848
88 56 36 #SUP: 2848
88 56 97 36 #SUP: 2848
88 56 94 #SUP: 2848
88 56 97 #SUP: 2848
88 56 94 #SUP: 2848
88 56 97 94 #SUP: 2848
88 56 36 #SUP: 2848
88 56 94 #SUP: 2848
88 56 36 94 #SUP: 2848
88 56 97 #SUP: 2848
88 56 36 #SUP: 2848
88 56 94 #SUP: 2848
88 56 97 36 94 #SUP: 2848
88 56 90 #SUP: 2848
88 56 97 #SUP: 2848
88 56 90 #SUP: 2848
88 56 97 90 #SUP: 2848
88 56 36 #SUP: 2848
88 56 90 #SUP: 2848
88 56 36 90 #SUP: 2848
88 56 97 #SUP: 2848
88 56 36 #SUP: 2848
88 56 90 #SUP: 2848
88 56 97 36 90 #SUP: 2848
88 56 94 #SUP: 2848
88 56 90 #SUP: 2848
88 56 94 90 #SUP: 2848
88 56 97 #SUP: 2848
88 56 94 #SUP: 2848
88 56 90 #SUP: 2848
88 56 97 94 90 #SUP: 2848
88 56 36 #SUP: 2848
88 56 94 #SUP: 2848
88 56 90 #SUP: 2848
88 56 36 94 90 #SUP: 2848
88 56 97 #SUP: 2848
88 56 36 #SUP: 2848
88 56 94 #SUP: 2848
88 56 90 #SUP: 2848
88 56 97 36 94 90 #SUP: 2848
88 71 #SUP: 3168
88 71 67 #SUP: 2552
88 71 67 36 #SUP: 2552
88 71 67 94 #SUP: 2552
88 71 67 36 #SUP: 2552
88 71 67 94 #SUP: 2552
88 71 67 36 94 #SUP: 2552
88 71 67 90 #SUP: 2552
88 71 67 36 #SUP: 2552
88 71 67 90 #SUP: 2552
88 71 67 36 90 #SUP: 2552
88 71 67 94 #SUP: 2552
88 71 67 90 #SUP: 2552
88 71 67 94 90 #SUP: 2552
88 71 67 36 #SUP: 2552
88 71 67 94 #SUP: 2552
88 71 67 90 #SUP: 2552
88 71 67 36 94 90 #SUP: 2552
88 71 97 #SUP: 2824
88 71 97 36 #SUP: 2824
88 71 97 94 #SUP: 2824
88 71 97 36 #SUP: 2824
88 71 97 94 #SUP: 2824
88 71 97 36 94 #SUP: 2824
88 71 97 90 #SUP: 2824
88 71 97 36 #SUP: 2824
88 71 97 90 #SUP: 2824
88 71 97 36 90 #SUP: 2824
88 71 97 94 #SUP: 2824
88 71 97 90 #SUP: 2824
88 71 97 94 90 #SUP: 2824
88 71 97 36 #SUP: 2824
88 71 97 94 #SUP: 2824
88 71 97 90 #SUP: 2824
88 71 97 36 94 90 #SUP: 2824
88 71 36 #SUP: 3168
88 71 36 94 #SUP: 3168
88 71 36 90 #SUP: 3168
88 71 36 94 90 #SUP: 3168
88 71 94 #SUP: 3168
88 71 94 90 #SUP: 3168
88 71 90 #SUP: 3168
88 67 #SUP: 3408
88 67 38 #SUP: 2552
88 67 38 36 #SUP: 2552
88 67 38 94 #SUP: 2552
88 67 38 36 #SUP: 2552
88 67 38 94 #SUP: 2552
88 67 38 36 94 #SUP: 2552
88 67 38 90 #SUP: 2552
88 67 38 36 #SUP: 2552
88 67 38 90 #SUP: 2552
88 67 38 36 90 #SUP: 2552
88 67 38 94 #SUP: 2552
88 67 38 90 #SUP: 2552
88 67 38 94 90 #SUP: 2552
88 67 38 36 #SUP: 2552
88 67 38 94 #SUP: 2552
88 67 38 90 #SUP: 2552
88 67 38 36 94 90 #SUP: 2552
88 67 97 #SUP: 3064
88 67 97 36 #SUP: 3064
88 67 97 94 #SUP: 3064
88 67 97 36 #SUP: 3064
88 67 97 94 #SUP: 3064
88 67 97 36 94 #SUP: 3064
88 67 97 90 #SUP: 3064
88 67 97 36 #SUP: 3064
88 67 97 90 #SUP: 3064
88 67 97 36 90 #SUP: 3064
88 67 97 94 #SUP: 3064
88 67 97 90 #SUP: 3064
88 67 97 94 90 #SUP: 3064
88 67 97 36 #SUP: 3064
88 67 97 94 #SUP: 3064
88 67 97 90 #SUP: 3064
88 67 97 36 94 90 #SUP: 3064
88 67 36 #SUP: 3408
88 67 36 94 #SUP: 3408
88 67 36 90 #SUP: 3408
88 67 36 94 90 #SUP: 3408
88 67 94 #SUP: 3408
88 67 94 90 #SUP: 3408
88 67 90 #SUP: 3408
88 41 #SUP: 3080
88 41 97 #SUP: 2592
88 41 97 36 #SUP: 2592
88 41 97 94 #SUP: 2592
88 41 97 36 #SUP: 2592
88 41 97 94 #SUP: 2592
88 41 97 36 94 #SUP: 2592
88 41 97 90 #SUP: 2592
88 41 97 36 #SUP: 2592
88 41 97 90 #SUP: 2592
88 41 97 36 90 #SUP: 2592
88 41 97 94 #SUP: 2592
88 41 97 90 #SUP: 2592
88 41 97 94 90 #SUP: 2592
88 41 97 36 #SUP: 2592
88 41 97 94 #SUP: 2592
88 41 97 90 #SUP: 2592
88 41 97 36 94 90 #SUP: 2592
88 41 36 #SUP: 3080
88 41 36 94 #SUP: 3080
88 41 36 90 #SUP: 3080
88 41 36 94 90 #SUP: 3080
88 41 94 #SUP: 3080
88 41 94 90 #SUP: 3080
88 41 90 #SUP: 3080
88 38 #SUP: 3128
88 38 97 #SUP: 2928
88 38 97 36 #SUP: 2928
88 38 97 94 #SUP: 2928
88 38 97 36 #SUP: 2928
88 38 97 94 #SUP: 2928
88 38 97 36 94 #SUP: 2928
88 38 97 90 #SUP: 2928
88 38 97 36 #SUP: 2928
88 38 97 90 #SUP: 2928
88 38 97 36 90 #SUP: 2928
88 38 97 94 #SUP: 2928
88 38 97 90 #SUP: 2928
88 38 97 94 90 #SUP: 2928
88 38 97 36 #SUP: 2928
88 38 97 94 #SUP: 2928
88 38 97 90 #SUP: 2928
88 38 97 36 94 90 #SUP: 2928
88 38 36 #SUP: 3128
88 38 36 94 #SUP: 3128
88 38 36 90 #SUP: 3128
88 38 36 94 90 #SUP: 3128
88 38 94 #SUP: 3128
88 38 94 90 #SUP: 3128
88 38 90 #SUP: 3128
88 97 #SUP: 4152
88 97 36 #SUP: 4152
88 97 94 #SUP: 4152
88 97 36 #SUP: 4152
88 97 94 #SUP: 4152
88 97 36 94 #SUP: 4152
88 97 90 #SUP: 4152
88 97 36 #SUP: 4152
88 97 90 #SUP: 4152
88 97 36 90 #SUP: 4152
88 97 94 #SUP: 4152
88 97 90 #SUP: 4152
88 97 94 90 #SUP: 4152
88 97 36 #SUP: 4152
88 97 94 #SUP: 4152
88 97 90 #SUP: 4152
88 97 36 94 90 #SUP: 4152
88 36 #SUP: 4640
88 36 94 #SUP: 4640
88 36 90 #SUP: 4640
88 36 94 90 #SUP: 4640
88 94 #SUP: 4640
88 94 90 #SUP: 4640
88 90 #SUP: 4640
79 56 #SUP: 2848
79 56 97 #SUP: 2848
79 56 36 #SUP: 2848
79 56 97 #SUP: 2848
79 56 36 #SUP: 2848
79 56 97 36 #SUP: 2848
79 56 94 #SUP: 2848
79 56 97 #SUP: 2848
79 56 94 #SUP: 2848
79 56 97 94 #SUP: 2848
79 56 36 #SUP: 2848
79 56 94 #SUP: 2848
79 56 36 94 #SUP: 2848
79 56 97 #SUP: 2848
79 56 36 #SUP: 2848
79 56 94 #SUP: 2848
79 56 97 36 94 #SUP: 2848
79 56 90 #SUP: 2848
79 56 97 #SUP: 2848
79 56 90 #SUP: 2848
79 56 97 90 #SUP: 2848
79 56 36 #SUP: 2848
79 56 90 #SUP: 2848
79 56 36 90 #SUP: 2848
79 56 97 #SUP: 2848
79 56 36 #SUP: 2848
79 56 90 #SUP: 2848
79 56 97 36 90 #SUP: 2848
79 56 94 #SUP: 2848
79 56 90 #SUP: 2848
79 56 94 90 #SUP: 2848
79 56 97 #SUP: 2848
79 56 94 #SUP: 2848
79 56 90 #SUP: 2848
79 56 97 94 90 #SUP: 2848
79 56 36 #SUP: 2848
79 56 94 #SUP: 2848
79 56 90 #SUP: 2848
79 56 36 94 90 #SUP: 2848
79 56 97 #SUP: 2848
79 56 36 #SUP: 2848
79 56 94 #SUP: 2848
79 56 90 #SUP: 2848
79 56 97 36 94 90 #SUP: 2848
79 24 #SUP: 2616
79 24 36 #SUP: 2616
79 24 94 #SUP: 2616
79 24 36 #SUP: 2616
79 24 94 #SUP: 2616
79 24 36 94 #SUP: 2616
79 24 90 #SUP: 2616
79 24 36 #SUP: 2616
79 24 90 #SUP: 2616
79 24 36 90 #SUP: 2616
79 24 94 #SUP: 2616
79 24 90 #SUP: 2616
79 24 94 90 #SUP: 2616
79 24 36 #SUP: 2616
79 24 94 #SUP: 2616
79 24 90 #SUP: 2616
79 24 36 94 90 #SUP: 2616
79 71 #SUP: 3204
79 71 67 #SUP: 2570
79 71 67 36 #SUP: 2570
79 71 67 94 #SUP: 2570
79 71 67 36 #SUP: 2570
79 71 67 94 #SUP: 2570
79 71 67 36 94 #SUP: 2570
79 71 67 90 #SUP: 2570
79 71 67 36 #SUP: 2570
79 71 67 90 #SUP: 2570
79 71 67 36 90 #SUP: 2570
79 71 67 94 #SUP: 2570
79 71 67 90 #SUP: 2570
79 71 67 94 90 #SUP: 2570
79 71 67 36 #SUP: 2570
79 71 67 94 #SUP: 2570
79 71 67 90 #SUP: 2570
79 71 67 36 94 90 #SUP: 2570
79 71 97 #SUP: 2860
79 71 97 36 #SUP: 2860
79 71 97 94 #SUP: 2860
79 71 97 36 #SUP: 2860
79 71 97 94 #SUP: 2860
79 71 97 36 94 #SUP: 2860
79 71 97 90 #SUP: 2860
79 71 97 36 #SUP: 2860
79 71 97 90 #SUP: 2860
79 71 97 36 90 #SUP: 2860
79 71 97 94 #SUP: 2860
79 71 97 90 #SUP: 2860
79 71 97 94 90 #SUP: 2860
79 71 97 36 #SUP: 2860
79 71 97 94 #SUP: 2860
79 71 97 90 #SUP: 2860
79 71 97 36 94 90 #SUP: 2860
79 71 36 #SUP: 3204
79 71 36 94 #SUP: 3204
79 71 36 90 #SUP: 3204
79 71 36 94 90 #SUP: 3204
79 71 94 #SUP: 3204
79 71 94 90 #SUP: 3204
79 71 90 #SUP: 3204
79 67 #SUP: 3444
79 67 38 #SUP: 2552
79 67 38 36 #SUP: 2552
79 67 38 94 #SUP: 2552
79 67 38 36 #SUP: 2552
79 67 38 94 #SUP: 2552
79 67 38 36 94 #SUP: 2552
79 67 38 90 #SUP: 2552
79 67 38 36 #SUP: 2552
79 67 38 90 #SUP: 2552
79 67 38 36 90 #SUP: 2552
79 67 38 94 #SUP: 2552
79 67 38 90 #SUP: 2552
79 67 38 94 90 #SUP: 2552
79 67 38 36 #SUP: 2552
79 67 38 94 #SUP: 2552
79 67 38 90 #SUP: 2552
79 67 38 36 94 90 #SUP: 2552
79 67 97 #SUP: 3100
79 67 97 36 #SUP: 3100
79 67 97 94 #SUP: 3100
79 67 97 36 #SUP: 3100
79 67 97 94 #SUP: 3100
79 67 97 36 94 #SUP: 3100
79 67 97 90 #SUP: 3100
79 67 97 36 #SUP: 3100
79 67 97 90 #SUP: 3100
79 67 97 36 90 #SUP: 3100
79 67 97 94 #SUP: 3100
79 67 97 90 #SUP: 3100
79 67 97 94 90 #SUP: 3100
79 67 97 36 #SUP: 3100
79 67 97 94 #SUP: 3100
79 67 97 90 #SUP: 3100
79 67 97 36 94 90 #SUP: 3100
79 67 36 #SUP: 3444
79 67 36 94 #SUP: 3444
79 67 36 90 #SUP: 3444
79 67 36 94 90 #SUP: 3444
79 67 94 #SUP: 3444
79 67 94 90 #SUP: 3444
79 67 90 #SUP: 3444
79 41 #SUP: 3080
79 41 97 #SUP: 2592
79 41 97 36 #SUP: 2592
79 41 97 94 #SUP: 2592
79 41 97 36 #SUP: 2592
79 41 97 94 #SUP: 2592
79 41 97 36 94 #SUP: 2592
79 41 97 90 #SUP: 2592
79 41 97 36 #SUP: 2592
79 41 97 90 #SUP: 2592
79 41 97 36 90 #SUP: 2592
79 41 97 94 #SUP: 2592
79 41 97 90 #SUP: 2592
79 41 97 94 90 #SUP: 2592
79 41 97 36 #SUP: 2592
79 41 97 94 #SUP: 2592
79 41 97 90 #SUP: 2592
79 41 97 36 94 90 #SUP: 2592
79 41 36 #SUP: 3080
79 41 36 94 #SUP: 3080
79 41 36 90 #SUP: 3080
79 41 36 94 90 #SUP: 3080
79 41 94 #SUP: 3080
79 41 94 90 #SUP: 3080
79 41 90 #SUP: 3080
79 38 #SUP: 3160
79 38 97 #SUP: 2960
79 38 97 36 #SUP: 2960
79 38 97 94 #SUP: 2960
79 38 97 36 #SUP: 2960
79 38 97 94 #SUP: 2960
79 38 97 36 94 #SUP: 2960
79 38 97 90 #SUP: 2960
79 38 97 36 #SUP: 2960
79 38 97 90 #SUP: 2960
79 38 97 36 90 #SUP: 2960
79 38 97 94 #SUP: 2960
79 38 97 90 #SUP: 2960
79 38 97 94 90 #SUP: 2960
79 38 97 36 #SUP: 2960
79 38 97 94 #SUP: 2960
79 38 97 90 #SUP: 2960
79 38 97 36 94 90 #SUP: 2960
79 38 36 #SUP: 3160
79 38 36 94 #SUP: 3160
79 38 36 90 #SUP: 3160
79 38 36 94 90 #SUP: 3160
79 38 94 #SUP: 3160
79 38 94 90 #SUP: 3160
79 38 90 #SUP: 3160
79 97 #SUP: 4256
79 97 36 #SUP: 4256
79 97 94 #SUP: 4256
79 97 36 #SUP: 4256
79 97 94 #SUP: 4256
79 97 36 94 #SUP: 4256
79 97 90 #SUP: 4256
79 97 36 #SUP: 4256
79 97 90 #SUP: 4256
79 97 36 90 #SUP: 4256
79 97 94 #SUP: 4256
79 97 90 #SUP: 4256
79 97 94 90 #SUP: 4256
79 97 36 #SUP: 4256
79 97 94 #SUP: 4256
79 97 90 #SUP: 4256
79 97 36 94 90 #SUP: 4256
79 36 #SUP: 4744
79 36 94 #SUP: 4744
79 36 90 #SUP: 4744
79 36 94 90 #SUP: 4744
79 94 #SUP: 4744
79 94 90 #SUP: 4744
79 90 #SUP: 4744
56 24 #SUP: 2752
56 24 97 #SUP: 2752
56 24 36 #SUP: 2752
56 24 97 #SUP: 2752
56 24 36 #SUP: 2752
56 24 97 36 #SUP: 2752
56 24 94 #SUP: 2752
56 24 97 #SUP: 2752
56 24 94 #SUP: 2752
56 24 97 94 #SUP: 2752
56 24 36 #SUP: 2752
56 24 94 #SUP: 2752
56 24 36 94 #SUP: 2752
56 24 97 #SUP: 2752
56 24 36 #SUP: 2752
56 24 94 #SUP: 2752
56 24 97 36 94 #SUP: 2752
56 24 90 #SUP: 2752
56 24 97 #SUP: 2752
56 24 90 #SUP: 2752
56 24 97 90 #SUP: 2752
56 24 36 #SUP: 2752
56 24 90 #SUP: 2752
56 24 36 90 #SUP: 2752
56 24 97 #SUP: 2752
56 24 36 #SUP: 2752
56 24 90 #SUP: 2752
56 24 97 36 90 #SUP: 2752
56 24 94 #SUP: 2752
56 24 90 #SUP: 2752
56 24 94 90 #SUP: 2752
56 24 97 #SUP: 2752
56 24 94 #SUP: 2752
56 24 90 #SUP: 2752
56 24 97 94 90 #SUP: 2752
56 24 36 #SUP: 2752
56 24 94 #SUP: 2752
56 24 90 #SUP: 2752
56 24 36 94 90 #SUP: 2752
56 24 97 #SUP: 2752
56 24 36 #SUP: 2752
56 24 94 #SUP: 2752
56 24 90 #SUP: 2752
56 24 97 36 94 90 #SUP: 2752
56 71 #SUP: 3344
56 71 67 #SUP: 2584
56 71 67 97 #SUP: 2584
56 71 67 36 #SUP: 2584
56 71 67 97 #SUP: 2584
56 71 67 36 #SUP: 2584
56 71 67 97 36 #SUP: 2584
56 71 67 94 #SUP: 2584
56 71 67 97 #SUP: 2584
56 71 67 94 #SUP: 2584
56 71 67 97 94 #SUP: 2584
56 71 67 36 #SUP: 2584
56 71 67 94 #SUP: 2584
56 71 67 36 94 #SUP: 2584
56 71 67 97 #SUP: 2584
56 71 67 36 #SUP: 2584
56 71 67 94 #SUP: 2584
56 71 67 97 36 94 #SUP: 2584
56 71 67 90 #SUP: 2584
56 71 67 97 #SUP: 2584
56 71 67 90 #SUP: 2584
56 71 67 97 90 #SUP: 2584
56 71 67 36 #SUP: 2584
56 71 67 90 #SUP: 2584
56 71 67 36 90 #SUP: 2584
56 71 67 97 #SUP: 2584
56 71 67 36 #SUP: 2584
56 71 67 90 #SUP: 2584
56 71 67 97 36 90 #SUP: 2584
56 71 67 94 #SUP: 2584
56 71 67 90 #SUP: 2584
56 71 67 94 90 #SUP: 2584
56 71 67 97 #SUP: 2584
56 71 67 94 #SUP: 2584
56 71 67 90 #SUP: 2584
56 71 67 97 94 90 #SUP: 2584
56 71 67 36 #SUP: 2584
56 71 67 94 #SUP: 2584
56 71 67 90 #SUP: 2584
56 71 67 36 94 90 #SUP: 2584
56 71 67 97 #SUP: 2584
56 71 67 36 #SUP: 2584
56 71 67 94 #SUP: 2584
56 71 67 90 #SUP: 2584
56 71 67 97 36 94 90 #SUP: 2584
56 71 38 #SUP: 2736
56 71 38 97 #SUP: 2736
56 71 38 36 #SUP: 2736
56 71 38 97 #SUP: 2736
56 71 38 36 #SUP: 2736
56 71 38 97 36 #SUP: 2736
56 71 38 94 #SUP: 2736
56 71 38 97 #SUP: 2736
56 71 38 94 #SUP: 2736
56 71 38 97 94 #SUP: 2736
56 71 38 36 #SUP: 2736
56 71 38 94 #SUP: 2736
56 71 38 36 94 #SUP: 2736
56 71 38 97 #SUP: 2736
56 71 38 36 #SUP: 2736
56 71 38 94 #SUP: 2736
56 71 38 97 36 94 #SUP: 2736
56 71 38 90 #SUP: 2736
56 71 38 97 #SUP: 2736
56 71 38 90 #SUP: 2736
56 71 38 97 90 #SUP: 2736
56 71 38 36 #SUP: 2736
56 71 38 90 #SUP: 2736
56 71 38 36 90 #SUP: 2736
56 71 38 97 #SUP: 2736
56 71 38 36 #SUP: 2736
56 71 38 90 #SUP: 2736
56 71 38 97 36 90 #SUP: 2736
56 71 38 94 #SUP: 2736
56 71 38 90 #SUP: 2736
56 71 38 94 90 #SUP: 2736
56 71 38 97 #SUP: 2736
56 71 38 94 #SUP: 2736
56 71 38 90 #SUP: 2736
56 71 38 97 94 90 #SUP: 2736
56 71 38 36 #SUP: 2736
56 71 38 94 #SUP: 2736
56 71 38 90 #SUP: 2736
56 71 38 36 94 90 #SUP: 2736
56 71 38 97 #SUP: 2736
56 71 38 36 #SUP: 2736
56 71 38 94 #SUP: 2736
56 71 38 90 #SUP: 2736
56 71 38 97 36 94 90 #SUP: 2736
56 71 97 #SUP: 3344
56 71 97 36 #SUP: 3344
56 71 97 94 #SUP: 3344
56 71 97 36 #SUP: 3344
56 71 97 94 #SUP: 3344
56 71 97 36 94 #SUP: 3344
56 71 97 90 #SUP: 3344
56 71 97 36 #SUP: 3344
56 71 97 90 #SUP: 3344
56 71 97 36 90 #SUP: 3344
56 71 97 94 #SUP: 3344
56 71 97 90 #SUP: 3344
56 71 97 94 90 #SUP: 3344
56 71 97 36 #SUP: 3344
56 71 97 94 #SUP: 3344
56 71 97 90 #SUP: 3344
56 71 97 36 94 90 #SUP: 3344
56 71 36 #SUP: 3344
56 71 36 94 #SUP: 3344
56 71 36 90 #SUP: 3344
56 71 36 94 90 #SUP: 3344
56 71 94 #SUP: 3344
56 71 94 90 #SUP: 3344
56 71 90 #SUP: 3344
56 67 #SUP: 3344
56 67 38 #SUP: 2736
56 67 38 97 #SUP: 2736
56 67 38 36 #SUP: 2736
56 67 38 97 #SUP: 2736
56 67 38 36 #SUP: 2736
56 67 38 97 36 #SUP: 2736
56 67 38 94 #SUP: 2736
56 67 38 97 #SUP: 2736
56 67 38 94 #SUP: 2736
56 67 38 97 94 #SUP: 2736
56 67 38 36 #SUP: 2736
56 67 38 94 #SUP: 2736
56 67 38 36 94 #SUP: 2736
56 67 38 97 #SUP: 2736
56 67 38 36 #SUP: 2736
56 67 38 94 #SUP: 2736
56 67 38 97 36 94 #SUP: 2736
56 67 38 90 #SUP: 2736
56 67 38 97 #SUP: 2736
56 67 38 90 #SUP: 2736
56 67 38 97 90 #SUP: 2736
56 67 38 36 #SUP: 2736
56 67 38 90 #SUP: 2736
56 67 38 36 90 #SUP: 2736
56 67 38 97 #SUP: 2736
56 67 38 36 #SUP: 2736
56 67 38 90 #SUP: 2736
56 67 38 97 36 90 #SUP: 2736
56 67 38 94 #SUP: 2736
56 67 38 90 #SUP: 2736
56 67 38 94 90 #SUP: 2736
56 67 38 97 #SUP: 2736
56 67 38 94 #SUP: 2736
56 67 38 90 #SUP: 2736
56 67 38 97 94 90 #SUP: 2736
56 67 38 36 #SUP: 2736
56 67 38 94 #SUP: 2736
56 67 38 90 #SUP: 2736
56 67 38 36 94 90 #SUP: 2736
56 67 38 97 #SUP: 2736
56 67 38 36 #SUP: 2736
56 67 38 94 #SUP: 2736
56 67 38 90 #SUP: 2736
56 67 38 97 36 94 90 #SUP: 2736
56 67 97 #SUP: 3344
56 67 97 36 #SUP: 3344
56 67 97 94 #SUP: 3344
56 67 97 36 #SUP: 3344
56 67 97 94 #SUP: 3344
56 67 97 36 94 #SUP: 3344
56 67 97 90 #SUP: 3344
56 67 97 36 #SUP: 3344
56 67 97 90 #SUP: 3344
56 67 97 36 90 #SUP: 3344
56 67 97 94 #SUP: 3344
56 67 97 90 #SUP: 3344
56 67 97 94 90 #SUP: 3344
56 67 97 36 #SUP: 3344
56 67 97 94 #SUP: 3344
56 67 97 90 #SUP: 3344
56 67 97 36 94 90 #SUP: 3344
56 67 36 #SUP: 3344
56 67 36 94 #SUP: 3344
56 67 36 90 #SUP: 3344
56 67 36 94 90 #SUP: 3344
56 67 94 #SUP: 3344
56 67 94 90 #SUP: 3344
56 67 90 #SUP: 3344
56 41 #SUP: 3040
56 41 97 #SUP: 3040
56 41 36 #SUP: 3040
56 41 97 #SUP: 3040
56 41 36 #SUP: 3040
56 41 97 36 #SUP: 3040
56 41 94 #SUP: 3040
56 41 97 #SUP: 3040
56 41 94 #SUP: 3040
56 41 97 94 #SUP: 3040
56 41 36 #SUP: 3040
56 41 94 #SUP: 3040
56 41 36 94 #SUP: 3040
56 41 97 #SUP: 3040
56 41 36 #SUP: 3040
56 41 94 #SUP: 3040
56 41 97 36 94 #SUP: 3040
56 41 90 #SUP: 3040
56 41 97 #SUP: 3040
56 41 90 #SUP: 3040
56 41 97 90 #SUP: 3040
56 41 36 #SUP: 3040
56 41 90 #SUP: 3040
56 41 36 90 #SUP: 3040
56 41 97 #SUP: 3040
56 41 36 #SUP: 3040
56 41 90 #SUP: 3040
56 41 97 36 90 #SUP: 3040
56 41 94 #SUP: 3040
56 41 90 #SUP: 3040
56 41 94 90 #SUP: 3040
56 41 97 #SUP: 3040
56 41 94 #SUP: 3040
56 41 90 #SUP: 3040
56 41 97 94 90 #SUP: 3040
56 41 36 #SUP: 3040
56 41 94 #SUP: 3040
56 41 90 #SUP: 3040
56 41 36 94 90 #SUP: 3040
56 41 97 #SUP: 3040
56 41 36 #SUP: 3040
56 41 94 #SUP: 3040
56 41 90 #SUP: 3040
56 41 97 36 94 90 #SUP: 3040
56 38 #SUP: 3744
56 38 97 #SUP: 3744
56 38 36 #SUP: 3744
56 38 97 #SUP: 3744
56 38 36 #SUP: 3744
56 38 97 36 #SUP: 3744
56 38 94 #SUP: 3744
56 38 97 #SUP: 3744
56 38 94 #SUP: 3744
56 38 97 94 #SUP: 3744
56 38 36 #SUP: 3744
56 38 94 #SUP: 3744
56 38 36 94 #SUP: 3744
56 38 97 #SUP: 3744
56 38 36 #SUP: 3744
56 38 94 #SUP: 3744
56 38 97 36 94 #SUP: 3744
56 38 90 #SUP: 3744
56 38 97 #SUP: 3744
56 38 90 #SUP: 3744
56 38 97 90 #SUP: 3744
56 38 36 #SUP: 3744
56 38 90 #SUP: 3744
56 38 36 90 #SUP: 3744
56 38 97 #SUP: 3744
56 38 36 #SUP: 3744
56 38 90 #SUP: 3744
56 38 97 36 90 #SUP: 3744
56 38 94 #SUP: 3744
56 38 90 #SUP: 3744
56 38 94 90 #SUP: 3744
56 38 97 #SUP: 3744
56 38 94 #SUP: 3744
56 38 90 #SUP: 3744
56 38 97 94 90 #SUP: 3744
56 38 36 #SUP: 3744
56 38 94 #SUP: 3744
56 38 90 #SUP: 3744
56 38 36 94 90 #SUP: 3744
56 38 97 #SUP: 3744
56 38 36 #SUP: 3744
56 38 94 #SUP: 3744
56 38 90 #SUP: 3744
56 38 97 36 94 90 #SUP: 3744
56 97 #SUP: 4864
56 97 36 #SUP: 4864
56 97 94 #SUP: 4864
56 97 36 #SUP: 4864
56 97 94 #SUP: 4864
56 97 36 94 #SUP: 4864
56 97 90 #SUP: 4864
56 97 36 #SUP: 4864
56 97 90 #SUP: 4864
56 97 36 90 #SUP: 4864
56 97 94 #SUP: 4864
56 97 90 #SUP: 4864
56 97 94 90 #SUP: 4864
56 97 36 #SUP: 4864
56 97 94 #SUP: 4864
56 97 90 #SUP: 4864
56 97 36 94 90 #SUP: 4864
56 36 #SUP: 4864
56 36 94 #SUP: 4864
56 36 90 #SUP: 4864
56 36 94 90 #SUP: 4864
56 94 #SUP: 4864
56 94 90 #SUP: 4864
56 90 #SUP: 4864
24 41 #SUP: 2864
24 41 36 #SUP: 2648
24 41 36 94 #SUP: 2648
24 41 36 90 #SUP: 2648
24 41 36 94 90 #SUP: 2648
24 41 94 #SUP: 2672
24 41 94 90 #SUP: 2672
24 41 90 #SUP: 2864
24 38 #SUP: 3552
24 38 97 #SUP: 3488
24 38 97 36 #SUP: 3296
24 38 97 36 94 #SUP: 3296
24 38 97 36 90 #SUP: 3296
24 38 97 36 94 90 #SUP: 3296
24 38 97 94 #SUP: 3296
24 38 97 94 90 #SUP: 3296
24 38 97 90 #SUP: 3488
24 38 36 #SUP: 3336
24 38 36 94 #SUP: 3336
24 38 36 90 #SUP: 3336
24 38 36 94 90 #SUP: 3336
24 38 94 #SUP: 3360
24 38 94 90 #SUP: 3360
24 38 90 #SUP: 3552
24 97 #SUP: 4688
24 97 36 #SUP: 4496
24 97 36 94 #SUP: 4488
24 97 36 90 #SUP: 4496
24 97 36 94 90 #SUP: 4488
24 97 94 #SUP: 4488
24 97 94 90 #SUP: 4488
24 97 90 #SUP: 4688
24 36 #SUP: 4824
24 36 94 #SUP: 4816
24 36 90 #SUP: 4824
24 36 94 90 #SUP: 4816
24 94 #SUP: 4840
24 94 90 #SUP: 4840
24 90 #SUP: 5040
71 67 #SUP: 4226
71 67 41 #SUP: 3128
71 67 41 38 #SUP: 2800
71 67 41 38 36 #SUP: 2608
71 67 41 38 36 94 #SUP: 2608
71 67 41 38 36 90 #SUP: 2608
71 67 41 38 36 94 90 #SUP: 2608
71 67 41 38 94 #SUP: 2608
71 67 41 38 94 90 #SUP: 2608
71 67 41 38 90 #SUP: 2800
71 67 41 97 #SUP: 2760
71 67 41 97 36 #SUP: 2568
71 67 41 97 36 94 #SUP: 2568
71 67 41 97 36 90 #SUP: 2568
71 67 41 97 36 94 90 #SUP: 2568
71 67 41 97 94 #SUP: 2568
71 67 41 97 94 90 #SUP: 2568
71 67 41 97 90 #SUP: 2760
71 67 41 36 #SUP: 2936
71 67 41 36 94 #SUP: 2936
71 67 41 36 90 #SUP: 2936
71 67 41 36 94 90 #SUP: 2936
71 67 41 94 #SUP: 2936
71 67 41 94 90 #SUP: 2936
71 67 41 90 #SUP: 3128
71 67 38 #SUP: 3680
71 67 38 97 #SUP: 3384
71 67 38 97 36 #SUP: 3192
71 67 38 97 36 94 #SUP: 3192
71 67 38 97 36 90 #SUP: 3192
71 67 38 97 36 94 90 #SUP: 3192
71 67 38 97 94 #SUP: 3192
71 67 38 97 94 90 #SUP: 3192
71 67 38 97 90 #SUP: 3384
71 67 38 36 #SUP: 3488
71 67 38 36 94 #SUP: 3488
71 67 38 36 90 #SUP: 3488
71 67 38 36 94 90 #SUP: 3488
71 67 38 94 #SUP: 3488
71 67 38 94 90 #SUP: 3488
71 67 38 90 #SUP: 3680
71 67 97 #SUP: 3858
71 67 97 36 #SUP: 3666
71 67 97 36 94 #SUP: 3666
71 67 97 36 90 #SUP: 3666
71 67 97 36 94 90 #SUP: 3666
71 67 97 94 #SUP: 3666
71 67 97 94 90 #SUP: 3666
71 67 97 90 #SUP: 3858
71 67 36 #SUP: 4034
71 67 36 94 #SUP: 4034
71 67 36 90 #SUP: 4034
71 67 36 94 90 #SUP: 4034
71 67 94 #SUP: 4034
71 67 94 90 #SUP: 4034
71 67 90 #SUP: 4226
71 41 #SUP: 3528
71 41 38 #SUP: 2872
71 41 38 97 #SUP: 2576
71 41 38 97 90 #SUP: 2576
71 41 38 36 #SUP: 2680
71 41 38 36 94 #SUP: 2680
71 41 38 36 90 #SUP: 2680
71 41 38 36 94 90 #SUP: 2680
71 41 38 94 #SUP: 2680
71 41 38 94 90 #SUP: 2680
71 41 38 90 #SUP: 2872
71 41 97 #SUP: 3088
71 41 97 36 #SUP: 2896
71 41 97 36 94 #SUP: 2896
71 41 97 36 90 #SUP: 2896
71 41 97 36 94 90 #SUP: 2896
71 41 97 94 #SUP: 2896
71 41 97 94 90 #SUP: 2896
71 41 97 90 #SUP: 3088
71 41 36 #SUP: 3336
71 41 36 94 #SUP: 3336
71 41 36 90 #SUP: 3336
71 41 36 94 90 #SUP: 3336
71 41 94 #SUP: 3336
71 41 94 90 #SUP: 3336
71 41 90 #SUP: 3528
71 38 #SUP: 4184
71 38 97 #SUP: 3888
71 38 97 36 #SUP: 3696
71 38 97 36 94 #SUP: 3696
71 38 97 36 90 #SUP: 3696
71 38 97 36 94 90 #SUP: 3696
71 38 97 94 #SUP: 3696
71 38 97 94 90 #SUP: 3696
71 38 97 90 #SUP: 3888
71 38 36 #SUP: 3992
71 38 36 94 #SUP: 3992
71 38 36 90 #SUP: 3992
71 38 36 94 90 #SUP: 3992
71 38 94 #SUP: 3992
71 38 94 90 #SUP: 3992
71 38 90 #SUP: 4184
71 97 #SUP: 4636
71 97 36 #SUP: 4444
71 97 36 94 #SUP: 4444
71 97 36 90 #SUP: 4444
71 97 36 94 90 #SUP: 4444
71 97 94 #SUP: 4444
71 97 94 90 #SUP: 4444
71 97 90 #SUP: 4636
71 36 #SUP: 4884
71 36 94 #SUP: 4884
71 36 90 #SUP: 4884
71 36 94 90 #SUP: 4884
71 94 #SUP: 4884
71 94 90 #SUP: 4884
71 90 #SUP: 5076
67 41 #SUP: 3720
67 41 38 #SUP: 3064
67 41 38 97 #SUP: 2768
67 41 38 97 36 #SUP: 2576
67 41 38 97 36 94 #SUP: 2576
67 41 38 97 36 90 #SUP: 2576
67 41 38 97 36 94 90 #SUP: 2576
67 41 38 97 94 #SUP: 2576
67 41 38 97 94 90 #SUP: 2576
67 41 38 97 90 #SUP: 2768
67 41 38 36 #SUP: 2872
67 41 38 36 94 #SUP: 2872
67 41 38 36 90 #SUP: 2872
67 41 38 36 94 90 #SUP: 2872
67 41 38 94 #SUP: 2872
67 41 38 94 90 #SUP: 2872
67 41 38 90 #SUP: 3064
67 41 97 #SUP: 3280
67 41 97 36 #SUP: 3088
67 41 97 36 94 #SUP: 3088
67 41 97 36 90 #SUP: 3088
67 41 97 36 94 90 #SUP: 3088
67 41 97 94 #SUP: 3088
67 41 97 94 90 #SUP: 3088
67 41 97 90 #SUP: 3280
67 41 36 #SUP: 3528
67 41 36 94 #SUP: 3528
67 41 36 90 #SUP: 3528
67 41 36 94 90 #SUP: 3528
67 41 94 #SUP: 3528
67 41 94 90 #SUP: 3528
67 41 90 #SUP: 3720
67 38 #SUP: 4424
67 38 97 #SUP: 4128
67 38 97 36 #SUP: 3936
67 38 97 36 94 #SUP: 3936
67 38 97 36 90 #SUP: 3936
67 38 97 36 94 90 #SUP: 3936
67 38 97 94 #SUP: 3936
67 38 97 94 90 #SUP: 3936
67 38 97 90 #SUP: 4128
67 38 36 #SUP: 4232
67 38 36 94 #SUP: 4232
67 38 36 90 #SUP: 4232
67 38 36 94 90 #SUP: 4232
67 38 94 #SUP: 4232
67 38 94 90 #SUP: 4232
67 38 90 #SUP: 4424
67 97 #SUP: 4876
67 97 36 #SUP: 4684
67 97 36 94 #SUP: 4684
67 97 36 90 #SUP: 4684
67 97 36 94 90 #SUP: 4684
67 97 94 #SUP: 4684
67 97 94 90 #SUP: 4684
67 97 90 #SUP: 4876
67 36 #SUP: 5124
67 36 94 #SUP: 5124
67 36 90 #SUP: 5124
67 36 94 90 #SUP: 5124
67 94 #SUP: 5124
67 94 90 #SUP: 5124
67 90 #SUP: 5316
41 38 #SUP: 4568
41 38 97 #SUP: 4208
41 38 97 36 #SUP: 4016
41 38 97 36 94 #SUP: 4016
41 38 97 36 90 #SUP: 4016
41 38 97 36 94 90 #SUP: 4016
41 38 97 94 #SUP: 4016
41 38 97 94 90 #SUP: 4016
41 38 97 90 #SUP: 4208
41 38 36 #SUP: 4352
41 38 36 94 #SUP: 4352
41 38 36 90 #SUP: 4352
41 38 36 94 90 #SUP: 4352
41 38 94 #SUP: 4376
41 38 94 90 #SUP: 4376
41 38 90 #SUP: 4568
41 97 #SUP: 5232
41 97 36 #SUP: 5040
41 97 36 94 #SUP: 5040
41 97 36 90 #SUP: 5040
41 97 36 94 90 #SUP: 5040
41 97 94 #SUP: 5040
41 97 94 90 #SUP: 5040
41 97 90 #SUP: 5232
41 36 #SUP: 5664
41 36 94 #SUP: 5664
41 36 90 #SUP: 5664
41 36 94 90 #SUP: 5664
41 94 #SUP: 5688
41 94 90 #SUP: 5688
41 90 #SUP: 5880
38 97 #SUP: 6464
38 97 36 #SUP: 6272
38 97 36 94 #SUP: 6272
38 97 36 90 #SUP: 6272
38 97 36 94 90 #SUP: 6272
38 97 94 #SUP: 6272
38 97 94 90 #SUP: 6272
38 97 90 #SUP: 6464
38 36 #SUP: 6608
38 36 94 #SUP: 6608
38 36 90 #SUP: 6608
38 36 94 90 #SUP: 6608
38 94 #SUP: 6632
38 94 90 #SUP: 6632
38 90 #SUP: 6824
97 36 #SUP: 7576
97 36 94 #SUP: 7568
97 36 90 #SUP: 7576
97 36 94 90 #SUP: 7568
97 94 #SUP: 7568
97 94 90 #SUP: 7568
97 90 #SUP: 7768
36 94 #SUP: 8192
36 90 #SUP: 8200
36 94 90 #SUP: 8192
94 90 #SUP: 8216
