1 #SUP: 234704
1 12 #SUP: 234461
1 12 16 #SUP: 230754
1 12 16 17 #SUP: 230737
1 12 16 17 18 #SUP: 230327
1 12 16 17 18 21 #SUP: 203615
1 12 16 17 18 31 #SUP: 222374
1 12 16 17 18 43 #SUP: 200047
1 12 16 17 21 #SUP: 203991
1 12 16 17 29 #SUP: 200197
1 12 16 17 31 #SUP: 222746
1 12 16 17 43 #SUP: 200394
1 12 16 18 #SUP: 230344
1 12 16 18 21 #SUP: 203631
1 12 16 18 31 #SUP: 222389
1 12 16 18 43 #SUP: 200063
1 12 16 21 #SUP: 204007
1 12 16 29 #SUP: 200214
1 12 16 31 #SUP: 222761
1 12 16 43 #SUP: 200410
1 12 17 #SUP: 234444
1 12 17 18 #SUP: 234032
1 12 17 18 21 #SUP: 206989
1 12 17 18 21 31 #SUP: 200390
1 12 17 18 29 #SUP: 203268
1 12 17 18 31 #SUP: 225472
1 12 17 18 43 #SUP: 203055
1 12 17 21 #SUP: 207367
1 12 17 21 31 #SUP: 200736
1 12 17 29 #SUP: 203652
1 12 17 31 #SUP: 225846
1 12 17 43 #SUP: 203403
1 12 18 #SUP: 234049
1 12 18 21 #SUP: 207005
1 12 18 21 31 #SUP: 200404
1 12 18 29 #SUP: 203285
1 12 18 31 #SUP: 225487
1 12 18 43 #SUP: 203071
1 12 21 #SUP: 207383
1 12 21 31 #SUP: 200750
1 12 29 #SUP: 203669
1 12 31 #SUP: 225861
1 12 43 #SUP: 203419
1 16 #SUP: 230898
1 16 17 #SUP: 230881
1 16 17 18 #SUP: 230422
1 16 17 18 21 #SUP: 203701
1 16 17 18 31 #SUP: 222458
1 16 17 18 43 #SUP: 200132
1 16 17 21 #SUP: 204109
1 16 17 29 #SUP: 200322
1 16 17 31 #SUP: 222852
1 16 17 43 #SUP: 200520
1 16 18 #SUP: 230439
1 16 18 21 #SUP: 203717
1 16 18 31 #SUP: 222473
1 16 18 43 #SUP: 200148
1 16 21 #SUP: 204125
1 16 29 #SUP: 200339
1 16 31 #SUP: 222867
1 16 43 #SUP: 200536
1 17 #SUP: 234687
1 17 18 #SUP: 234137
1 17 18 21 #SUP: 207085
1 17 18 21 31 #SUP: 200471
1 17 18 29 #SUP: 203362
1 17 18 31 #SUP: 225562
1 17 18 43 #SUP: 203148
1 17 21 #SUP: 207567
1 17 21 31 #SUP: 200873
1 17 29 #SUP: 203858
1 17 31 #SUP: 226011
1 17 43 #SUP: 203611
1 18 #SUP: 234154
1 18 21 #SUP: 207101
1 18 21 31 #SUP: 200485
1 18 29 #SUP: 203379
1 18 31 #SUP: 225577
1 18 43 #SUP: 203164
1 21 #SUP: 207583
1 21 31 #SUP: 200887
1 29 #SUP: 203875
1 31 #SUP: 226026
1 43 #SUP: 203627
8 #SUP: 239061
8 12 #SUP: 238657
8 12 16 #SUP: 233420
8 12 16 17 #SUP: 233400
8 12 16 17 18 #SUP: 232917
8 12 16 17 18 21 #SUP: 203853
8 12 16 17 18 21 24 #SUP: 201733
8 12 16 17 18 24 #SUP: 230470
8 12 16 17 18 24 29 #SUP: 203893
8 12 16 17 18 24 31 #SUP: 217358
8 12 16 17 18 29 #SUP: 206044
8 12 16 17 18 31 #SUP: 219548
8 12 16 17 18 43 #SUP: 201446
8 12 16 17 21 #SUP: 204291
8 12 16 17 21 24 #SUP: 202163
8 12 16 17 24 #SUP: 230945
8 12 16 17 24 29 #SUP: 204343
8 12 16 17 24 31 #SUP: 217765
8 12 16 17 29 #SUP: 206502
8 12 16 17 31 #SUP: 219960
8 12 16 17 43 #SUP: 201846
8 12 16 18 #SUP: 232937
8 12 16 18 21 #SUP: 203872
8 12 16 18 21 24 #SUP: 201752
8 12 16 18 24 #SUP: 230490
8 12 16 18 24 29 #SUP: 203913
8 12 16 18 24 31 #SUP: 217373
8 12 16 18 29 #SUP: 206064
8 12 16 18 31 #SUP: 219563
8 12 16 18 43 #SUP: 201465
8 12 16 21 #SUP: 204310
8 12 16 21 24 #SUP: 202182
8 12 16 24 #SUP: 230965
8 12 16 24 29 #SUP: 204363
8 12 16 24 31 #SUP: 217780
8 12 16 29 #SUP: 206522
8 12 16 31 #SUP: 219975
8 12 16 43 #SUP: 201865
8 12 17 #SUP: 238637
8 12 17 18 #SUP: 238152
8 12 17 18 21 #SUP: 208587
8 12 17 18 21 24 #SUP: 206376
8 12 17 18 24 #SUP: 235604
8 12 17 18 24 29 #SUP: 208701
8 12 17 18 24 31 #SUP: 221210
8 12 17 18 24 43 #SUP: 203450
8 12 17 18 29 #SUP: 210950
8 12 17 18 31 #SUP: 223471
8 12 17 18 43 #SUP: 205579
8 12 17 21 #SUP: 209027
8 12 17 21 24 #SUP: 206808
8 12 17 24 #SUP: 236081
8 12 17 24 29 #SUP: 209153
8 12 17 24 31 #SUP: 221618
8 12 17 24 43 #SUP: 203846
8 12 17 29 #SUP: 211410
8 12 17 31 #SUP: 223884
8 12 17 43 #SUP: 205980
8 12 18 #SUP: 238172
8 12 18 21 #SUP: 208606
8 12 18 21 24 #SUP: 206395
8 12 18 24 #SUP: 235624
8 12 18 24 29 #SUP: 208721
8 12 18 24 31 #SUP: 221225
8 12 18 24 43 #SUP: 203469
8 12 18 29 #SUP: 210970
8 12 18 31 #SUP: 223486
8 12 18 43 #SUP: 205598
8 12 21 #SUP: 209046
8 12 21 24 #SUP: 206827
8 12 24 #SUP: 236101
8 12 24 29 #SUP: 209173
8 12 24 31 #SUP: 221633
8 12 24 43 #SUP: 203865
8 12 29 #SUP: 211430
8 12 31 #SUP: 223899
8 12 43 #SUP: 205999
8 16 #SUP: 233600
8 16 17 #SUP: 233580
8 16 17 18 #SUP: 233029
8 16 17 18 21 #SUP: 203956
8 16 17 18 21 24 #SUP: 201836
8 16 17 18 24 #SUP: 230582
8 16 17 18 24 29 #SUP: 203991
8 16 17 18 24 31 #SUP: 217452
8 16 17 18 29 #SUP: 206142
8 16 17 18 31 #SUP: 219642
8 16 17 18 43 #SUP: 201545
8 16 17 21 #SUP: 204447
8 16 17 21 24 #SUP: 202317
8 16 17 24 #SUP: 231123
8 16 17 24 29 #SUP: 204498
8 16 17 24 31 #SUP: 217904
8 16 17 29 #SUP: 206659
8 16 17 31 #SUP: 220100
8 16 17 43 #SUP: 202003
8 16 18 #SUP: 233049
8 16 18 21 #SUP: 203975
8 16 18 21 24 #SUP: 201855
8 16 18 24 #SUP: 230602
8 16 18 24 29 #SUP: 204011
8 16 18 24 31 #SUP: 217467
8 16 18 29 #SUP: 206162
8 16 18 31 #SUP: 219657
8 16 18 43 #SUP: 201564
8 16 21 #SUP: 204466
8 16 21 24 #SUP: 202336
8 16 24 #SUP: 231143
8 16 24 29 #SUP: 204518
8 16 24 31 #SUP: 217919
8 16 29 #SUP: 206679
8 16 31 #SUP: 220115
8 16 43 #SUP: 202022
8 17 #SUP: 239041
8 17 18 #SUP: 238275
8 17 18 21 #SUP: 208700
8 17 18 21 24 #SUP: 206489
8 17 18 24 #SUP: 235727
8 17 18 24 29 #SUP: 208809
8 17 18 24 31 #SUP: 221310
8 17 18 24 43 #SUP: 203559
8 17 18 29 #SUP: 211058
8 17 18 31 #SUP: 223571
8 17 18 43 #SUP: 205688
8 17 21 #SUP: 209376
8 17 21 24 #SUP: 207154
8 17 24 #SUP: 236482
8 17 24 29 #SUP: 209503
8 17 24 31 #SUP: 221953
8 17 24 43 #SUP: 204189
8 17 29 #SUP: 211763
8 17 31 #SUP: 224221
8 17 43 #SUP: 206326
8 18 #SUP: 238295
8 18 21 #SUP: 208719
8 18 21 24 #SUP: 206508
8 18 24 #SUP: 235747
8 18 24 29 #SUP: 208829
8 18 24 31 #SUP: 221325
8 18 24 43 #SUP: 203578
8 18 29 #SUP: 211078
8 18 31 #SUP: 223586
8 18 43 #SUP: 205707
8 21 #SUP: 209395
8 21 24 #SUP: 207173
8 24 #SUP: 236502
8 24 29 #SUP: 209523
8 24 31 #SUP: 221968
8 24 43 #SUP: 204208
8 29 #SUP: 211783
8 31 #SUP: 224236
8 43 #SUP: 206345
12 #SUP: 339601
12 14 #SUP: 215304
12 14 15 #SUP: 203594
12 14 15 16 #SUP: 202787
12 14 15 16 17 #SUP: 202780
12 14 15 16 17 18 #SUP: 202685
12 14 15 16 18 #SUP: 202692
12 14 15 17 #SUP: 203587
12 14 15 17 18 #SUP: 203492
12 14 15 18 #SUP: 203499
12 14 16 #SUP: 214146
12 14 16 17 #SUP: 214138
12 14 16 17 18 #SUP: 214018
12 14 16 17 18 31 #SUP: 201321
12 14 16 17 31 #SUP: 201429
12 14 16 18 #SUP: 214026
12 14 16 18 31 #SUP: 201328
12 14 16 31 #SUP: 201436
12 14 17 #SUP: 215296
12 14 17 18 #SUP: 215176
12 14 17 18 31 #SUP: 202331
12 14 17 31 #SUP: 202439
12 14 18 #SUP: 215184
12 14 18 31 #SUP: 202338
12 14 31 #SUP: 202446
12 15 #SUP: 272399
12 15 16 #SUP: 266842
12 15 16 17 #SUP: 266811
12 15 16 17 18 #SUP: 266252
12 15 16 17 18 21 #SUP: 237109
12 15 16 17 18 21 27 #SUP: 216141
12 15 16 17 18 21 27 31 #SUP: 206019
12 15 16 17 18 21 29 #SUP: 209656
12 15 16 17 18 21 31 #SUP: 225714
12 15 16 17 18 21 43 #SUP: 202655
12 15 16 17 18 24 #SUP: 213558
12 15 16 17 18 24 31 #SUP: 203168
12 15 16 17 18 25 #SUP: 203534
12 15 16 17 18 27 #SUP: 225591
12 15 16 17 18 27 31 #SUP: 214567
12 15 16 17 18 28 #SUP: 211355
12 15 16 17 18 28 31 #SUP: 203365
12 15 16 17 18 29 #SUP: 232893
12 15 16 17 18 29 31 #SUP: 220839
12 15 16 17 18 31 #SUP: 252390
12 15 16 17 18 31 41 #SUP: 205052
12 15 16 17 18 31 43 #SUP: 216726
12 15 16 17 18 41 #SUP: 211234
12 15 16 17 18 43 #SUP: 228292
12 15 16 17 21 #SUP: 237614
12 15 16 17 21 27 #SUP: 216545
12 15 16 17 21 27 31 #SUP: 206367
12 15 16 17 21 29 #SUP: 210130
12 15 16 17 21 29 31 #SUP: 200021
12 15 16 17 21 31 #SUP: 226155
12 15 16 17 21 43 #SUP: 203072
12 15 16 17 24 #SUP: 214024
12 15 16 17 24 31 #SUP: 203573
12 15 16 17 25 #SUP: 204031
12 15 16 17 27 #SUP: 226009
12 15 16 17 27 31 #SUP: 214927
12 15 16 17 28 #SUP: 211894
12 15 16 17 28 31 #SUP: 203833
12 15 16 17 29 #SUP: 233416
12 15 16 17 29 31 #SUP: 221296
12 15 16 17 29 43 #SUP: 200027
12 15 16 17 31 #SUP: 252876
12 15 16 17 31 41 #SUP: 205462
12 15 16 17 31 43 #SUP: 217132
12 15 16 17 41 #SUP: 211676
12 15 16 17 43 #SUP: 228756
12 15 16 18 #SUP: 266283
12 15 16 18 21 #SUP: 237139
12 15 16 18 21 27 #SUP: 216168
12 15 16 18 21 27 31 #SUP: 206040
12 15 16 18 21 29 #SUP: 209686
12 15 16 18 21 31 #SUP: 225738
12 15 16 18 21 43 #SUP: 202683
12 15 16 18 24 #SUP: 213580
12 15 16 18 24 31 #SUP: 203184
12 15 16 18 25 #SUP: 203560
12 15 16 18 27 #SUP: 225618
12 15 16 18 27 31 #SUP: 214588
12 15 16 18 28 #SUP: 211382
12 15 16 18 28 31 #SUP: 203387
12 15 16 18 29 #SUP: 232924
12 15 16 18 29 31 #SUP: 220864
12 15 16 18 31 #SUP: 252415
12 15 16 18 31 41 #SUP: 205073
12 15 16 18 31 43 #SUP: 216750
12 15 16 18 41 #SUP: 211258
12 15 16 18 43 #SUP: 228321
12 15 16 21 #SUP: 237644
12 15 16 21 27 #SUP: 216572
12 15 16 21 27 31 #SUP: 206388
12 15 16 21 29 #SUP: 210160
12 15 16 21 29 31 #SUP: 200045
12 15 16 21 31 #SUP: 226179
12 15 16 21 43 #SUP: 203100
12 15 16 24 #SUP: 214046
12 15 16 24 31 #SUP: 203589
12 15 16 25 #SUP: 204057
12 15 16 27 #SUP: 226036
12 15 16 27 31 #SUP: 214948
12 15 16 28 #SUP: 211921
12 15 16 28 31 #SUP: 203855
12 15 16 29 #SUP: 233447
12 15 16 29 31 #SUP: 221321
12 15 16 29 43 #SUP: 200056
12 15 16 31 #SUP: 252901
12 15 16 31 41 #SUP: 205483
12 15 16 31 43 #SUP: 217156
12 15 16 41 #SUP: 211700
12 15 16 43 #SUP: 228785
12 15 17 #SUP: 272368
12 15 17 18 #SUP: 271806
12 15 17 18 21 #SUP: 242134
12 15 17 18 21 27 #SUP: 220083
12 15 17 18 21 27 31 #SUP: 208912
12 15 17 18 21 29 #SUP: 214345
12 15 17 18 21 29 31 #SUP: 203162
12 15 17 18 21 31 #SUP: 229474
12 15 17 18 21 43 #SUP: 206706
12 15 17 18 24 #SUP: 218141
12 15 17 18 24 31 #SUP: 206564
12 15 17 18 25 #SUP: 208341
12 15 17 18 27 #SUP: 229708
12 15 17 18 27 29 #SUP: 201272
12 15 17 18 27 31 #SUP: 217563
12 15 17 18 28 #SUP: 216743
12 15 17 18 28 31 #SUP: 207328
12 15 17 18 29 #SUP: 238059
12 15 17 18 29 31 #SUP: 224698
12 15 17 18 29 43 #SUP: 203748
12 15 17 18 31 #SUP: 256481
12 15 17 18 31 41 #SUP: 208109
12 15 17 18 31 43 #SUP: 220076
12 15 17 18 41 #SUP: 214759
12 15 17 18 43 #SUP: 232770
12 15 17 18 59 #SUP: 202338
12 15 17 21 #SUP: 242642
12 15 17 21 27 #SUP: 220489
12 15 17 21 27 31 #SUP: 209261
12 15 17 21 29 #SUP: 214822
12 15 17 21 29 31 #SUP: 203580
12 15 17 21 31 #SUP: 229917
12 15 17 21 43 #SUP: 207124
12 15 17 24 #SUP: 218609
12 15 17 24 31 #SUP: 206970
12 15 17 25 #SUP: 208838
12 15 17 27 #SUP: 230128
12 15 17 27 29 #SUP: 201664
12 15 17 27 31 #SUP: 217924
12 15 17 28 #SUP: 217285
12 15 17 28 31 #SUP: 207798
12 15 17 29 #SUP: 238585
12 15 17 29 31 #SUP: 225157
12 15 17 29 43 #SUP: 204181
12 15 17 31 #SUP: 256969
12 15 17 31 41 #SUP: 208521
12 15 17 31 43 #SUP: 220483
12 15 17 41 #SUP: 215204
12 15 17 43 #SUP: 233235
12 15 17 59 #SUP: 202731
12 15 18 #SUP: 271837
12 15 18 21 #SUP: 242164
12 15 18 21 27 #SUP: 220110
12 15 18 21 27 31 #SUP: 208933
12 15 18 21 29 #SUP: 214375
12 15 18 21 29 31 #SUP: 203186
12 15 18 21 31 #SUP: 229498
12 15 18 21 43 #SUP: 206734
12 15 18 24 #SUP: 218163
12 15 18 24 31 #SUP: 206580
12 15 18 25 #SUP: 208367
12 15 18 27 #SUP: 229735
12 15 18 27 29 #SUP: 201299
12 15 18 27 31 #SUP: 217584
12 15 18 28 #SUP: 216770
12 15 18 28 31 #SUP: 207350
12 15 18 29 #SUP: 238090
12 15 18 29 31 #SUP: 224723
12 15 18 29 43 #SUP: 203777
12 15 18 31 #SUP: 256506
12 15 18 31 41 #SUP: 208130
12 15 18 31 43 #SUP: 220100
12 15 18 41 #SUP: 214783
12 15 18 43 #SUP: 232799
12 15 18 59 #SUP: 202359
12 15 21 #SUP: 242672
12 15 21 27 #SUP: 220516
12 15 21 27 31 #SUP: 209282
12 15 21 29 #SUP: 214852
12 15 21 29 31 #SUP: 203604
12 15 21 31 #SUP: 229941
12 15 21 43 #SUP: 207152
12 15 24 #SUP: 218631
12 15 24 31 #SUP: 206986
12 15 25 #SUP: 208864
12 15 27 #SUP: 230155
12 15 27 29 #SUP: 201691
12 15 27 31 #SUP: 217945
12 15 28 #SUP: 217312
12 15 28 31 #SUP: 207820
12 15 29 #SUP: 238616
12 15 29 31 #SUP: 225182
12 15 29 43 #SUP: 204210
12 15 31 #SUP: 256994
12 15 31 41 #SUP: 208542
12 15 31 43 #SUP: 220507
12 15 41 #SUP: 215228
12 15 43 #SUP: 233264
12 15 59 #SUP: 202752
12 16 #SUP: 332165
12 16 17 #SUP: 332133
12 16 17 18 #SUP: 331458
12 16 17 18 21 #SUP: 294486
12 16 17 18 21 24 #SUP: 235678
12 16 17 18 21 24 27 #SUP: 211678
12 16 17 18 21 24 27 31 #SUP: 200523
12 16 17 18 21 24 29 #SUP: 210074
12 16 17 18 21 24 31 #SUP: 223028
12 16 17 18 21 24 43 #SUP: 203259
12 16 17 18 21 25 #SUP: 218486
12 16 17 18 21 25 31 #SUP: 205289
12 16 17 18 21 27 #SUP: 265921
12 16 17 18 21 27 28 #SUP: 206066
12 16 17 18 21 27 29 #SUP: 234244
12 16 17 18 21 27 29 31 #SUP: 221467
12 16 17 18 21 27 29 43 #SUP: 201333
12 16 17 18 21 27 31 #SUP: 251402
12 16 17 18 21 27 31 41 #SUP: 204752
12 16 17 18 21 27 31 43 #SUP: 216398
12 16 17 18 21 27 41 #SUP: 210423
12 16 17 18 21 27 43 #SUP: 228423
12 16 17 18 21 28 #SUP: 229012
12 16 17 18 21 28 29 #SUP: 201249
12 16 17 18 21 28 31 #SUP: 219828
12 16 17 18 21 29 #SUP: 261226
12 16 17 18 21 29 31 #SUP: 246646
12 16 17 18 21 29 31 41 #SUP: 201952
12 16 17 18 21 29 31 43 #SUP: 211646
12 16 17 18 21 29 41 #SUP: 207617
12 16 17 18 21 29 43 #SUP: 223681
12 16 17 18 21 31 #SUP: 278055
12 16 17 18 21 31 41 #SUP: 224371
12 16 17 18 21 31 43 #SUP: 238494
12 16 17 18 21 31 59 #SUP: 214056
12 16 17 18 21 41 #SUP: 230746
12 16 17 18 21 43 #SUP: 252026
12 16 17 18 21 59 #SUP: 218398
12 16 17 18 22 #SUP: 225366
12 16 17 18 22 31 #SUP: 215395
12 16 17 18 24 #SUP: 267105
12 16 17 18 24 25 #SUP: 205911
12 16 17 18 24 27 #SUP: 220830
12 16 17 18 24 27 31 #SUP: 208824
12 16 17 18 24 28 #SUP: 212558
12 16 17 18 24 28 31 #SUP: 203867
12 16 17 18 24 29 #SUP: 235600
12 16 17 18 24 29 31 #SUP: 221958
12 16 17 18 24 29 43 #SUP: 203592
12 16 17 18 24 31 #SUP: 251701
12 16 17 18 24 31 41 #SUP: 203214
12 16 17 18 24 31 43 #SUP: 218196
12 16 17 18 24 41 #SUP: 209410
12 16 17 18 24 43 #SUP: 230948
12 16 17 18 25 #SUP: 252187
12 16 17 18 25 27 #SUP: 203512
12 16 17 18 25 28 #SUP: 206817
12 16 17 18 25 29 #SUP: 218406
12 16 17 18 25 29 31 #SUP: 204042
12 16 17 18 25 31 #SUP: 235732
12 16 17 18 25 31 43 #SUP: 206023
12 16 17 18 25 43 #SUP: 219800
12 16 17 18 27 #SUP: 277238
12 16 17 18 27 28 #SUP: 216177
12 16 17 18 27 28 31 #SUP: 207185
12 16 17 18 27 29 #SUP: 243411
12 16 17 18 27 29 31 #SUP: 229670
12 16 17 18 27 29 43 #SUP: 208845
12 16 17 18 27 31 #SUP: 261521
12 16 17 18 27 31 41 #SUP: 212730
12 16 17 18 27 31 43 #SUP: 224801
12 16 17 18 27 31 59 #SUP: 203517
12 16 17 18 27 41 #SUP: 219057
12 16 17 18 27 43 #SUP: 237761
12 16 17 18 27 59 #SUP: 208149
12 16 17 18 28 #SUP: 262454
12 16 17 18 28 29 #SUP: 227924
12 16 17 18 28 29 31 #SUP: 217878
12 16 17 18 28 31 #SUP: 250527
12 16 17 18 28 31 41 #SUP: 203414
12 16 17 18 28 31 43 #SUP: 216149
12 16 17 18 28 41 #SUP: 209641
12 16 17 18 28 43 #SUP: 226117
12 16 17 18 29 #SUP: 291072
12 16 17 18 29 31 #SUP: 273474
12 16 17 18 29 31 41 #SUP: 222991
12 16 17 18 29 31 43 #SUP: 235112
12 16 17 18 29 31 59 #SUP: 210585
12 16 17 18 29 41 #SUP: 230336
12 16 17 18 29 43 #SUP: 249713
12 16 17 18 29 59 #SUP: 215448
12 16 17 18 31 #SUP: 311411
12 16 17 18 31 41 #SUP: 250373
12 16 17 18 31 41 43 #SUP: 217657
12 16 17 18 31 41 59 #SUP: 208071
12 16 17 18 31 43 #SUP: 267795
12 16 17 18 31 43 59 #SUP: 210510
12 16 17 18 31 59 #SUP: 236139
12 16 17 18 31 63 #SUP: 201554
12 16 17 18 38 #SUP: 205211
12 16 17 18 41 #SUP: 258829
12 16 17 18 41 43 #SUP: 224877
12 16 17 18 41 59 #SUP: 212679
12 16 17 18 43 #SUP: 284419
12 16 17 18 43 59 #SUP: 215600
12 16 17 18 59 #SUP: 241807
12 16 17 18 63 #SUP: 214622
12 16 17 21 #SUP: 295103
12 16 17 21 24 #SUP: 236189
12 16 17 21 24 27 #SUP: 212086
12 16 17 21 24 27 31 #SUP: 200867
12 16 17 21 24 29 #SUP: 210556
12 16 17 21 24 31 #SUP: 223466
12 16 17 21 24 43 #SUP: 203679
12 16 17 21 25 #SUP: 218957
12 16 17 21 25 31 #SUP: 205697
12 16 17 21 27 #SUP: 266424
12 16 17 21 27 28 #SUP: 206540
12 16 17 21 27 29 #SUP: 234716
12 16 17 21 27 29 31 #SUP: 221860
12 16 17 21 27 29 43 #SUP: 201723
12 16 17 21 27 31 #SUP: 251820
12 16 17 21 27 31 41 #SUP: 205108
12 16 17 21 27 31 43 #SUP: 216747
12 16 17 21 27 41 #SUP: 210815
12 16 17 21 27 43 #SUP: 228840
12 16 17 21 28 #SUP: 229596
12 16 17 21 28 29 #SUP: 201799
12 16 17 21 28 31 #SUP: 220325
12 16 17 21 29 #SUP: 261808
12 16 17 21 29 31 #SUP: 247141
12 16 17 21 29 31 41 #SUP: 202372
12 16 17 21 29 31 43 #SUP: 212051
12 16 17 21 29 41 #SUP: 208073
12 16 17 21 29 43 #SUP: 224155
12 16 17 21 31 #SUP: 278578
12 16 17 21 31 41 #SUP: 224812
12 16 17 21 31 43 #SUP: 238925
12 16 17 21 31 59 #SUP: 214459
12 16 17 21 41 #SUP: 231228
12 16 17 21 41 43 #SUP: 200319
12 16 17 21 43 #SUP: 252530
12 16 17 21 59 #SUP: 218827
12 16 17 22 #SUP: 225798
12 16 17 22 31 #SUP: 215786
12 16 17 24 #SUP: 267667
12 16 17 24 25 #SUP: 206350
12 16 17 24 27 #SUP: 221250
12 16 17 24 27 31 #SUP: 209178
12 16 17 24 28 #SUP: 213091
12 16 17 24 28 31 #SUP: 204322
12 16 17 24 29 #SUP: 236127
12 16 17 24 29 31 #SUP: 222409
12 16 17 24 29 43 #SUP: 204026
12 16 17 24 31 #SUP: 252181
12 16 17 24 31 41 #SUP: 203608
12 16 17 24 31 43 #SUP: 218600
12 16 17 24 41 #SUP: 209838
12 16 17 24 43 #SUP: 231412
12 16 17 25 #SUP: 252711
12 16 17 25 27 #SUP: 203895
12 16 17 25 28 #SUP: 207332
12 16 17 25 29 #SUP: 218899
12 16 17 25 29 31 #SUP: 204470
12 16 17 25 31 #SUP: 236185
12 16 17 25 31 43 #SUP: 206402
12 16 17 25 43 #SUP: 220235
12 16 17 27 #SUP: 277757
12 16 17 27 28 #SUP: 216666
12 16 17 27 28 31 #SUP: 207594
12 16 17 27 29 #SUP: 243898
12 16 17 27 29 31 #SUP: 230076
12 16 17 27 29 43 #SUP: 209249
12 16 17 27 31 #SUP: 261953
12 16 17 27 31 41 #SUP: 213097
12 16 17 27 31 43 #SUP: 225164
12 16 17 27 31 59 #SUP: 203850
12 16 17 27 41 #SUP: 219462
12 16 17 27 43 #SUP: 238193
12 16 17 27 59 #SUP: 208508
12 16 17 28 #SUP: 263092
12 16 17 28 29 #SUP: 228522
12 16 17 28 29 31 #SUP: 218388
12 16 17 28 31 #SUP: 251069
12 16 17 28 31 41 #SUP: 203867
12 16 17 28 31 43 #SUP: 216600
12 16 17 28 41 #SUP: 210140
12 16 17 28 43 #SUP: 226642
12 16 17 29 #SUP: 291706
12 16 17 29 31 #SUP: 274013
12 16 17 29 31 41 #SUP: 223443
12 16 17 29 31 43 #SUP: 235557
12 16 17 29 31 59 #SUP: 210996
12 16 17 29 41 #SUP: 230829
12 16 17 29 41 43 #SUP: 200020
12 16 17 29 43 #SUP: 250232
12 16 17 29 59 #SUP: 215887
12 16 17 31 #SUP: 311983
12 16 17 31 41 #SUP: 250850
12 16 17 31 41 43 #SUP: 218067
12 16 17 31 41 59 #SUP: 208473
12 16 17 31 43 #SUP: 268271
12 16 17 31 43 59 #SUP: 210885
12 16 17 31 59 #SUP: 236571
12 16 17 31 63 #SUP: 201950
12 16 17 38 #SUP: 205618
12 16 17 41 #SUP: 259352
12 16 17 41 43 #SUP: 225325
12 16 17 41 59 #SUP: 213104
12 16 17 43 #SUP: 284974
12 16 17 43 59 #SUP: 215998
12 16 17 59 #SUP: 242267
12 16 17 63 #SUP: 215077
12 16 18 #SUP: 331490
12 16 18 21 #SUP: 294517
12 16 18 21 24 #SUP: 235700
12 16 18 21 24 27 #SUP: 211698
12 16 18 21 24 27 31 #SUP: 200537
12 16 18 21 24 29 #SUP: 210096
12 16 18 21 24 31 #SUP: 223044
12 16 18 21 24 43 #SUP: 203280
12 16 18 21 25 #SUP: 218511
12 16 18 21 25 31 #SUP: 205309
12 16 18 21 27 #SUP: 265949
12 16 18 21 27 28 #SUP: 206090
12 16 18 21 27 29 #SUP: 234272
12 16 18 21 27 29 31 #SUP: 221489
12 16 18 21 27 29 43 #SUP: 201359
12 16 18 21 27 31 #SUP: 251424
12 16 18 21 27 31 41 #SUP: 204771
12 16 18 21 27 31 43 #SUP: 216419
12 16 18 21 27 41 #SUP: 210445
12 16 18 21 27 43 #SUP: 228449
12 16 18 21 28 #SUP: 229039
12 16 18 21 28 29 #SUP: 201276
12 16 18 21 28 31 #SUP: 219850
12 16 18 21 29 #SUP: 261257
12 16 18 21 29 31 #SUP: 246671
12 16 18 21 29 31 41 #SUP: 201974
12 16 18 21 29 31 43 #SUP: 211670
12 16 18 21 29 41 #SUP: 207642
12 16 18 21 29 43 #SUP: 223710
12 16 18 21 31 #SUP: 278080
12 16 18 21 31 41 #SUP: 224393
12 16 18 21 31 43 #SUP: 238518
12 16 18 21 31 59 #SUP: 214075
12 16 18 21 41 #SUP: 230771
12 16 18 21 43 #SUP: 252055
12 16 18 21 59 #SUP: 218419
12 16 18 22 #SUP: 225386
12 16 18 22 31 #SUP: 215410
12 16 18 24 #SUP: 267128
12 16 18 24 25 #SUP: 205928
12 16 18 24 27 #SUP: 220850
12 16 18 24 27 31 #SUP: 208838
12 16 18 24 28 #SUP: 212579
12 16 18 24 28 31 #SUP: 203883
12 16 18 24 29 #SUP: 235623
12 16 18 24 29 31 #SUP: 221975
12 16 18 24 29 43 #SUP: 203614
12 16 18 24 31 #SUP: 251718
12 16 18 24 31 41 #SUP: 203229
12 16 18 24 31 43 #SUP: 218213
12 16 18 24 41 #SUP: 209428
12 16 18 24 43 #SUP: 230970
12 16 18 25 #SUP: 252213
12 16 18 25 27 #SUP: 203534
12 16 18 25 28 #SUP: 206840
12 16 18 25 29 #SUP: 218432
12 16 18 25 29 31 #SUP: 204063
12 16 18 25 31 #SUP: 235753
12 16 18 25 31 43 #SUP: 206043
12 16 18 25 43 #SUP: 219824
12 16 18 27 #SUP: 277266
12 16 18 27 28 #SUP: 216201
12 16 18 27 28 31 #SUP: 207204
12 16 18 27 29 #SUP: 243439
12 16 18 27 29 31 #SUP: 229692
12 16 18 27 29 43 #SUP: 208871
12 16 18 27 31 #SUP: 261543
12 16 18 27 31 41 #SUP: 212749
12 16 18 27 31 43 #SUP: 224822
12 16 18 27 31 59 #SUP: 203533
12 16 18 27 41 #SUP: 219079
12 16 18 27 43 #SUP: 237787
12 16 18 27 59 #SUP: 208167
12 16 18 28 #SUP: 262482
12 16 18 28 29 #SUP: 227952
12 16 18 28 29 31 #SUP: 217901
12 16 18 28 31 #SUP: 250550
12 16 18 28 31 41 #SUP: 203434
12 16 18 28 31 43 #SUP: 216171
12 16 18 28 41 #SUP: 209664
12 16 18 28 43 #SUP: 226143
12 16 18 29 #SUP: 291104
12 16 18 29 31 #SUP: 273500
12 16 18 29 31 41 #SUP: 223013
12 16 18 29 31 43 #SUP: 235137
12 16 18 29 31 59 #SUP: 210604
12 16 18 29 41 #SUP: 230361
12 16 18 29 43 #SUP: 249743
12 16 18 29 59 #SUP: 215469
12 16 18 31 #SUP: 311437
12 16 18 31 41 #SUP: 250395
12 16 18 31 41 43 #SUP: 217678
12 16 18 31 41 59 #SUP: 208090
12 16 18 31 43 #SUP: 267820
12 16 18 31 43 59 #SUP: 210529
12 16 18 31 59 #SUP: 236158
12 16 18 31 63 #SUP: 201575
12 16 18 38 #SUP: 205227
12 16 18 41 #SUP: 258854
12 16 18 41 43 #SUP: 224901
12 16 18 41 59 #SUP: 212700
12 16 18 43 #SUP: 284449
12 16 18 43 59 #SUP: 215621
12 16 18 59 #SUP: 241828
12 16 18 63 #SUP: 214648
12 16 21 #SUP: 295134
12 16 21 22 #SUP: 200003
12 16 21 24 #SUP: 236211
12 16 21 24 27 #SUP: 212106
12 16 21 24 27 31 #SUP: 200881
12 16 21 24 29 #SUP: 210578
12 16 21 24 31 #SUP: 223482
12 16 21 24 43 #SUP: 203700
12 16 21 25 #SUP: 218982
12 16 21 25 31 #SUP: 205717
12 16 21 27 #SUP: 266452
12 16 21 27 28 #SUP: 206564
12 16 21 27 29 #SUP: 234744
12 16 21 27 29 31 #SUP: 221882
12 16 21 27 29 43 #SUP: 201749
12 16 21 27 31 #SUP: 251842
12 16 21 27 31 41 #SUP: 205127
12 16 21 27 31 43 #SUP: 216768
12 16 21 27 41 #SUP: 210837
12 16 21 27 43 #SUP: 228866
12 16 21 28 #SUP: 229623
12 16 21 28 29 #SUP: 201826
12 16 21 28 31 #SUP: 220347
12 16 21 29 #SUP: 261839
12 16 21 29 31 #SUP: 247166
12 16 21 29 31 41 #SUP: 202394
12 16 21 29 31 43 #SUP: 212075
12 16 21 29 41 #SUP: 208098
12 16 21 29 43 #SUP: 224184
12 16 21 31 #SUP: 278603
12 16 21 31 41 #SUP: 224834
12 16 21 31 43 #SUP: 238949
12 16 21 31 59 #SUP: 214478
12 16 21 41 #SUP: 231253
12 16 21 41 43 #SUP: 200343
12 16 21 43 #SUP: 252559
12 16 21 59 #SUP: 218848
12 16 22 #SUP: 225818
12 16 22 31 #SUP: 215801
12 16 24 #SUP: 267690
12 16 24 25 #SUP: 206367
12 16 24 27 #SUP: 221270
12 16 24 27 31 #SUP: 209192
12 16 24 28 #SUP: 213112
12 16 24 28 31 #SUP: 204338
12 16 24 29 #SUP: 236150
12 16 24 29 31 #SUP: 222426
12 16 24 29 43 #SUP: 204048
12 16 24 31 #SUP: 252198
12 16 24 31 41 #SUP: 203623
12 16 24 31 43 #SUP: 218617
12 16 24 41 #SUP: 209856
12 16 24 43 #SUP: 231434
12 16 25 #SUP: 252737
12 16 25 27 #SUP: 203917
12 16 25 28 #SUP: 207355
12 16 25 29 #SUP: 218925
12 16 25 29 31 #SUP: 204491
12 16 25 31 #SUP: 236206
12 16 25 31 43 #SUP: 206422
12 16 25 43 #SUP: 220259
12 16 27 #SUP: 277785
12 16 27 28 #SUP: 216690
12 16 27 28 31 #SUP: 207613
12 16 27 29 #SUP: 243926
12 16 27 29 31 #SUP: 230098
12 16 27 29 43 #SUP: 209275
12 16 27 31 #SUP: 261975
12 16 27 31 41 #SUP: 213116
12 16 27 31 43 #SUP: 225185
12 16 27 31 59 #SUP: 203866
12 16 27 41 #SUP: 219484
12 16 27 43 #SUP: 238219
12 16 27 59 #SUP: 208526
12 16 28 #SUP: 263120
12 16 28 29 #SUP: 228550
12 16 28 29 31 #SUP: 218411
12 16 28 31 #SUP: 251092
12 16 28 31 41 #SUP: 203887
12 16 28 31 43 #SUP: 216622
12 16 28 41 #SUP: 210163
12 16 28 43 #SUP: 226668
12 16 29 #SUP: 291738
12 16 29 31 #SUP: 274039
12 16 29 31 41 #SUP: 223465
12 16 29 31 43 #SUP: 235582
12 16 29 31 59 #SUP: 211015
12 16 29 41 #SUP: 230854
12 16 29 41 43 #SUP: 200044
12 16 29 43 #SUP: 250262
12 16 29 59 #SUP: 215908
12 16 31 #SUP: 312009
12 16 31 41 #SUP: 250872
12 16 31 41 43 #SUP: 218088
12 16 31 41 59 #SUP: 208492
12 16 31 43 #SUP: 268296
12 16 31 43 59 #SUP: 210904
12 16 31 59 #SUP: 236590
12 16 31 63 #SUP: 201971
12 16 38 #SUP: 205634
12 16 41 #SUP: 259377
12 16 41 43 #SUP: 225349
12 16 41 59 #SUP: 213125
12 16 43 #SUP: 285004
12 16 43 59 #SUP: 216019
12 16 59 #SUP: 242288
12 16 63 #SUP: 215103
12 17 #SUP: 339569
12 17 18 #SUP: 338889
12 17 18 21 #SUP: 301286
12 17 18 21 22 #SUP: 203501
12 17 18 21 24 #SUP: 241209
12 17 18 21 24 27 #SUP: 216143
12 17 18 21 24 27 31 #SUP: 203863
12 17 18 21 24 29 #SUP: 215272
12 17 18 21 24 29 31 #SUP: 202756
12 17 18 21 24 31 #SUP: 227224
12 17 18 21 24 43 #SUP: 207684
12 17 18 21 25 #SUP: 223144
12 17 18 21 25 31 #SUP: 208815
12 17 18 21 27 #SUP: 271464
12 17 18 21 27 28 #SUP: 211291
12 17 18 21 27 28 31 #SUP: 201908
12 17 18 21 27 29 #SUP: 239379
12 17 18 21 27 29 31 #SUP: 225337
12 17 18 21 27 29 43 #SUP: 205401
12 17 18 21 27 31 #SUP: 255525
12 17 18 21 27 31 41 #SUP: 207920
12 17 18 21 27 31 43 #SUP: 219690
12 17 18 21 27 41 #SUP: 214084
12 17 18 21 27 43 #SUP: 232826
12 17 18 21 27 59 #SUP: 202253
12 17 18 21 28 #SUP: 235451
12 17 18 21 28 29 #SUP: 207286
12 17 18 21 28 31 #SUP: 224673
12 17 18 21 28 43 #SUP: 201672
12 17 18 21 29 #SUP: 267594
12 17 18 21 29 31 #SUP: 251499
12 17 18 21 29 31 41 #SUP: 205738
12 17 18 21 29 31 43 #SUP: 215526
12 17 18 21 29 41 #SUP: 211924
12 17 18 21 29 43 #SUP: 228734
12 17 18 21 31 #SUP: 283177
12 17 18 21 31 41 #SUP: 228302
12 17 18 21 31 43 #SUP: 242602
12 17 18 21 31 59 #SUP: 217486
12 17 18 21 41 #SUP: 235244
12 17 18 21 41 43 #SUP: 203571
12 17 18 21 43 #SUP: 257433
12 17 18 21 59 #SUP: 222102
12 17 18 22 #SUP: 229623
12 17 18 22 31 #SUP: 218842
12 17 18 24 #SUP: 273170
12 17 18 24 25 #SUP: 210166
12 17 18 24 27 #SUP: 225494
12 17 18 24 27 31 #SUP: 212289
12 17 18 24 28 #SUP: 218314
12 17 18 24 28 31 #SUP: 208173
12 17 18 24 29 #SUP: 241280
12 17 18 24 29 31 #SUP: 226261
12 17 18 24 29 43 #SUP: 208114
12 17 18 24 31 #SUP: 256242
12 17 18 24 31 41 #SUP: 206696
12 17 18 24 31 43 #SUP: 221861
12 17 18 24 41 #SUP: 213413
12 17 18 24 43 #SUP: 235784
12 17 18 24 59 #SUP: 201631
12 17 18 25 #SUP: 257332
12 17 18 25 27 #SUP: 207244
12 17 18 25 28 #SUP: 211918
12 17 18 25 28 31 #SUP: 200556
12 17 18 25 29 #SUP: 223210
12 17 18 25 29 31 #SUP: 207661
12 17 18 25 31 #SUP: 239563
12 17 18 25 31 43 #SUP: 209217
12 17 18 25 43 #SUP: 224018
12 17 18 27 #SUP: 283029
12 17 18 27 28 #SUP: 221627
12 17 18 27 28 31 #SUP: 211202
12 17 18 27 29 #SUP: 248766
12 17 18 27 29 31 #SUP: 233678
12 17 18 27 29 31 43 #SUP: 200656
12 17 18 27 29 43 #SUP: 213046
12 17 18 27 31 #SUP: 265796
12 17 18 27 31 41 #SUP: 215987
12 17 18 27 31 43 #SUP: 228190
12 17 18 27 31 59 #SUP: 206275
12 17 18 27 41 #SUP: 222835
12 17 18 27 43 #SUP: 242312
12 17 18 27 59 #SUP: 211165
12 17 18 28 #SUP: 269494
12 17 18 28 29 #SUP: 234505
12 17 18 28 29 31 #SUP: 222818
12 17 18 28 29 43 #SUP: 201523
12 17 18 28 31 #SUP: 255751
12 17 18 28 31 41 #SUP: 207409
12 17 18 28 31 43 #SUP: 220358
12 17 18 28 41 #SUP: 214281
12 17 18 28 43 #SUP: 231728
12 17 18 28 59 #SUP: 202359
12 17 18 29 #SUP: 298009
12 17 18 29 31 #SUP: 278694
12 17 18 29 31 41 #SUP: 227015
12 17 18 29 31 43 #SUP: 239276
12 17 18 29 31 59 #SUP: 214101
12 17 18 29 41 #SUP: 234967
12 17 18 29 41 43 #SUP: 203365
12 17 18 29 43 #SUP: 255204
12 17 18 29 59 #SUP: 219255
12 17 18 31 #SUP: 316934
12 17 18 31 41 #SUP: 254562
12 17 18 31 41 43 #SUP: 221086
12 17 18 31 41 59 #SUP: 211364
12 17 18 31 43 #SUP: 272214
12 17 18 31 43 59 #SUP: 213586
12 17 18 31 59 #SUP: 239778
12 17 18 31 63 #SUP: 205568
12 17 18 38 #SUP: 209877
12 17 18 41 #SUP: 263686
12 17 18 41 43 #SUP: 228838
12 17 18 41 59 #SUP: 216215
12 17 18 43 #SUP: 290311
12 17 18 43 59 #SUP: 218930
12 17 18 59 #SUP: 245745
12 17 18 63 #SUP: 219813
12 17 21 #SUP: 301908
12 17 21 22 #SUP: 203901
12 17 21 24 #SUP: 241724
12 17 21 24 27 #SUP: 216554
12 17 21 24 27 31 #SUP: 204209
12 17 21 24 29 #SUP: 215758
12 17 21 24 29 31 #SUP: 203173
12 17 21 24 31 #SUP: 227665
12 17 21 24 43 #SUP: 208107
12 17 21 25 #SUP: 223615
12 17 21 25 31 #SUP: 209223
12 17 21 27 #SUP: 271971
12 17 21 27 28 #SUP: 211768
12 17 21 27 28 31 #SUP: 202306
12 17 21 27 29 #SUP: 239855
12 17 21 27 29 31 #SUP: 225733
12 17 21 27 29 43 #SUP: 205793
12 17 21 27 31 #SUP: 255946
12 17 21 27 31 41 #SUP: 208279
12 17 21 27 31 43 #SUP: 220041
12 17 21 27 41 #SUP: 214480
12 17 21 27 43 #SUP: 233245
12 17 21 27 59 #SUP: 202599
12 17 21 28 #SUP: 236039
12 17 21 28 29 #SUP: 207840
12 17 21 28 31 #SUP: 225173
12 17 21 28 43 #SUP: 202152
12 17 21 29 #SUP: 268181
12 17 21 29 31 #SUP: 251998
12 17 21 29 31 41 #SUP: 206162
12 17 21 29 31 43 #SUP: 215934
12 17 21 29 41 #SUP: 212385
12 17 21 29 43 #SUP: 229211
12 17 21 29 59 #SUP: 200031
12 17 21 31 #SUP: 283704
12 17 21 31 41 #SUP: 228747
12 17 21 31 43 #SUP: 243036
12 17 21 31 59 #SUP: 217891
12 17 21 41 #SUP: 235731
12 17 21 41 43 #SUP: 203986
12 17 21 43 #SUP: 257940
12 17 21 59 #SUP: 222533
12 17 22 #SUP: 230057
12 17 22 31 #SUP: 219235
12 17 24 #SUP: 273736
12 17 24 25 #SUP: 210605
12 17 24 27 #SUP: 225917
12 17 24 27 31 #SUP: 212645
12 17 24 28 #SUP: 218850
12 17 24 28 31 #SUP: 208630
12 17 24 29 #SUP: 241811
12 17 24 29 31 #SUP: 226715
12 17 24 29 43 #SUP: 208551
12 17 24 31 #SUP: 256725
12 17 24 31 41 #SUP: 207093
12 17 24 31 43 #SUP: 222268
12 17 24 41 #SUP: 213845
12 17 24 43 #SUP: 236251
12 17 24 59 #SUP: 202014
12 17 25 #SUP: 257856
12 17 25 27 #SUP: 207627
12 17 25 28 #SUP: 212433
12 17 25 28 31 #SUP: 201000
12 17 25 29 #SUP: 223703
12 17 25 29 31 #SUP: 208089
12 17 25 31 #SUP: 240016
12 17 25 31 43 #SUP: 209596
12 17 25 43 #SUP: 224453
12 17 27 #SUP: 283552
12 17 27 28 #SUP: 222119
12 17 27 28 31 #SUP: 211613
12 17 27 29 #SUP: 249257
12 17 27 29 31 #SUP: 234087
12 17 27 29 31 43 #SUP: 200997
12 17 27 29 43 #SUP: 213452
12 17 27 31 #SUP: 266231
12 17 27 31 41 #SUP: 216357
12 17 27 31 43 #SUP: 228555
12 17 27 31 59 #SUP: 206609
12 17 27 41 #SUP: 223244
12 17 27 43 #SUP: 242746
12 17 27 59 #SUP: 211525
12 17 28 #SUP: 270136
12 17 28 29 #SUP: 235107
12 17 28 29 31 #SUP: 223331
12 17 28 29 43 #SUP: 202015
12 17 28 31 #SUP: 256296
12 17 28 31 41 #SUP: 207865
12 17 28 31 43 #SUP: 220811
12 17 28 41 #SUP: 214784
12 17 28 43 #SUP: 232255
12 17 28 59 #SUP: 202807
12 17 29 #SUP: 298648
12 17 29 31 #SUP: 279237
12 17 29 31 41 #SUP: 227471
12 17 29 31 43 #SUP: 239724
12 17 29 31 59 #SUP: 214514
12 17 29 41 #SUP: 235465
12 17 29 41 43 #SUP: 203789
12 17 29 43 #SUP: 255726
12 17 29 59 #SUP: 219696
12 17 31 #SUP: 317510
12 17 31 41 #SUP: 255043
12 17 31 41 43 #SUP: 221499
12 17 31 41 59 #SUP: 211768
12 17 31 43 #SUP: 272693
12 17 31 43 59 #SUP: 213963
12 17 31 59 #SUP: 240212
12 17 31 63 #SUP: 205964
12 17 38 #SUP: 210288
12 17 41 #SUP: 264214
12 17 41 43 #SUP: 229289
12 17 41 59 #SUP: 216642
12 17 43 #SUP: 290869
12 17 43 59 #SUP: 219330
12 17 59 #SUP: 246207
12 17 63 #SUP: 220268
12 18 #SUP: 338921
12 18 21 #SUP: 301317
12 18 21 22 #SUP: 203521
12 18 21 24 #SUP: 241231
12 18 21 24 27 #SUP: 216163
12 18 21 24 27 31 #SUP: 203877
12 18 21 24 29 #SUP: 215294
12 18 21 24 29 31 #SUP: 202772
12 18 21 24 31 #SUP: 227240
12 18 21 24 43 #SUP: 207705
12 18 21 25 #SUP: 223169
12 18 21 25 31 #SUP: 208835
12 18 21 27 #SUP: 271492
12 18 21 27 28 #SUP: 211315
12 18 21 27 28 31 #SUP: 201927
12 18 21 27 29 #SUP: 239407
12 18 21 27 29 31 #SUP: 225359
12 18 21 27 29 43 #SUP: 205427
12 18 21 27 31 #SUP: 255547
12 18 21 27 31 41 #SUP: 207939
12 18 21 27 31 43 #SUP: 219711
12 18 21 27 41 #SUP: 214106
12 18 21 27 43 #SUP: 232852
12 18 21 27 59 #SUP: 202271
12 18 21 28 #SUP: 235478
12 18 21 28 29 #SUP: 207313
12 18 21 28 31 #SUP: 224695
12 18 21 28 43 #SUP: 201697
12 18 21 29 #SUP: 267625
12 18 21 29 31 #SUP: 251524
12 18 21 29 31 41 #SUP: 205760
12 18 21 29 31 43 #SUP: 215550
12 18 21 29 41 #SUP: 211949
12 18 21 29 43 #SUP: 228763
12 18 21 31 #SUP: 283202
12 18 21 31 41 #SUP: 228324
12 18 21 31 43 #SUP: 242626
12 18 21 31 59 #SUP: 217505
12 18 21 41 #SUP: 235269
12 18 21 41 43 #SUP: 203595
12 18 21 43 #SUP: 257462
12 18 21 59 #SUP: 222123
12 18 22 #SUP: 229643
12 18 22 31 #SUP: 218857
12 18 24 #SUP: 273193
12 18 24 25 #SUP: 210183
12 18 24 27 #SUP: 225514
12 18 24 27 31 #SUP: 212303
12 18 24 28 #SUP: 218335
12 18 24 28 31 #SUP: 208189
12 18 24 29 #SUP: 241303
12 18 24 29 31 #SUP: 226278
12 18 24 29 43 #SUP: 208136
12 18 24 31 #SUP: 256259
12 18 24 31 41 #SUP: 206711
12 18 24 31 43 #SUP: 221878
12 18 24 41 #SUP: 213431
12 18 24 43 #SUP: 235806
12 18 24 59 #SUP: 201646
12 18 25 #SUP: 257358
12 18 25 27 #SUP: 207266
12 18 25 28 #SUP: 211941
12 18 25 28 31 #SUP: 200574
12 18 25 29 #SUP: 223236
12 18 25 29 31 #SUP: 207682
12 18 25 31 #SUP: 239584
12 18 25 31 43 #SUP: 209237
12 18 25 43 #SUP: 224042
12 18 27 #SUP: 283057
12 18 27 28 #SUP: 221651
12 18 27 28 31 #SUP: 211221
12 18 27 29 #SUP: 248794
12 18 27 29 31 #SUP: 233700
12 18 27 29 31 43 #SUP: 200677
12 18 27 29 43 #SUP: 213072
12 18 27 31 #SUP: 265818
12 18 27 31 41 #SUP: 216006
12 18 27 31 43 #SUP: 228211
12 18 27 31 59 #SUP: 206291
12 18 27 41 #SUP: 222857
12 18 27 43 #SUP: 242338
12 18 27 59 #SUP: 211183
12 18 28 #SUP: 269522
12 18 28 29 #SUP: 234533
12 18 28 29 31 #SUP: 222841
12 18 28 29 43 #SUP: 201549
12 18 28 31 #SUP: 255774
12 18 28 31 41 #SUP: 207429
12 18 28 31 43 #SUP: 220380
12 18 28 41 #SUP: 214304
12 18 28 43 #SUP: 231754
12 18 28 59 #SUP: 202378
12 18 29 #SUP: 298041
12 18 29 31 #SUP: 278720
12 18 29 31 41 #SUP: 227037
12 18 29 31 43 #SUP: 239301
12 18 29 31 59 #SUP: 214120
12 18 29 41 #SUP: 234992
12 18 29 41 43 #SUP: 203389
12 18 29 43 #SUP: 255234
12 18 29 59 #SUP: 219276
12 18 31 #SUP: 316960
12 18 31 41 #SUP: 254584
12 18 31 41 43 #SUP: 221107
12 18 31 41 59 #SUP: 211383
12 18 31 43 #SUP: 272239
12 18 31 43 59 #SUP: 213605
12 18 31 59 #SUP: 239797
12 18 31 63 #SUP: 205589
12 18 38 #SUP: 209893
12 18 41 #SUP: 263711
12 18 41 43 #SUP: 228862
12 18 41 59 #SUP: 216236
12 18 43 #SUP: 290341
12 18 43 59 #SUP: 218951
12 18 59 #SUP: 245766
12 18 63 #SUP: 219839
12 21 #SUP: 301939
12 21 22 #SUP: 203921
12 21 24 #SUP: 241746
12 21 24 27 #SUP: 216574
12 21 24 27 31 #SUP: 204223
12 21 24 29 #SUP: 215780
12 21 24 29 31 #SUP: 203189
12 21 24 31 #SUP: 227681
12 21 24 43 #SUP: 208128
12 21 25 #SUP: 223640
12 21 25 31 #SUP: 209243
12 21 27 #SUP: 271999
12 21 27 28 #SUP: 211792
12 21 27 28 31 #SUP: 202325
12 21 27 29 #SUP: 239883
12 21 27 29 31 #SUP: 225755
12 21 27 29 43 #SUP: 205819
12 21 27 31 #SUP: 255968
12 21 27 31 41 #SUP: 208298
12 21 27 31 43 #SUP: 220062
12 21 27 41 #SUP: 214502
12 21 27 43 #SUP: 233271
12 21 27 59 #SUP: 202617
12 21 28 #SUP: 236066
12 21 28 29 #SUP: 207867
12 21 28 31 #SUP: 225195
12 21 28 43 #SUP: 202177
12 21 29 #SUP: 268212
12 21 29 31 #SUP: 252023
12 21 29 31 41 #SUP: 206184
12 21 29 31 43 #SUP: 215958
12 21 29 41 #SUP: 212410
12 21 29 43 #SUP: 229240
12 21 29 59 #SUP: 200052
12 21 31 #SUP: 283729
12 21 31 41 #SUP: 228769
12 21 31 43 #SUP: 243060
12 21 31 59 #SUP: 217910
12 21 41 #SUP: 235756
12 21 41 43 #SUP: 204010
12 21 43 #SUP: 257969
12 21 59 #SUP: 222554
12 22 #SUP: 230077
12 22 31 #SUP: 219250
12 24 #SUP: 273759
12 24 25 #SUP: 210622
12 24 27 #SUP: 225937
12 24 27 31 #SUP: 212659
12 24 28 #SUP: 218871
12 24 28 31 #SUP: 208646
12 24 29 #SUP: 241834
12 24 29 31 #SUP: 226732
12 24 29 43 #SUP: 208573
12 24 31 #SUP: 256742
12 24 31 41 #SUP: 207108
12 24 31 43 #SUP: 222285
12 24 41 #SUP: 213863
12 24 43 #SUP: 236273
12 24 59 #SUP: 202029
12 25 #SUP: 257882
12 25 27 #SUP: 207649
12 25 28 #SUP: 212456
12 25 28 31 #SUP: 201018
12 25 29 #SUP: 223729
12 25 29 31 #SUP: 208110
12 25 31 #SUP: 240037
12 25 31 43 #SUP: 209616
12 25 43 #SUP: 224477
12 27 #SUP: 283580
12 27 28 #SUP: 222143
12 27 28 31 #SUP: 211632
12 27 29 #SUP: 249285
12 27 29 31 #SUP: 234109
12 27 29 31 43 #SUP: 201018
12 27 29 43 #SUP: 213478
12 27 31 #SUP: 266253
12 27 31 41 #SUP: 216376
12 27 31 43 #SUP: 228576
12 27 31 59 #SUP: 206625
12 27 41 #SUP: 223266
12 27 43 #SUP: 242772
12 27 59 #SUP: 211543
12 28 #SUP: 270164
12 28 29 #SUP: 235135
12 28 29 31 #SUP: 223354
12 28 29 43 #SUP: 202041
12 28 31 #SUP: 256319
12 28 31 41 #SUP: 207885
12 28 31 43 #SUP: 220833
12 28 41 #SUP: 214807
12 28 43 #SUP: 232281
12 28 59 #SUP: 202826
12 29 #SUP: 298680
12 29 31 #SUP: 279263
12 29 31 41 #SUP: 227493
12 29 31 43 #SUP: 239749
12 29 31 59 #SUP: 214533
12 29 41 #SUP: 235490
12 29 41 43 #SUP: 203813
12 29 43 #SUP: 255756
12 29 59 #SUP: 219717
12 31 #SUP: 317536
12 31 41 #SUP: 255065
12 31 41 43 #SUP: 221520
12 31 41 59 #SUP: 211787
12 31 43 #SUP: 272718
12 31 43 59 #SUP: 213982
12 31 59 #SUP: 240231
12 31 63 #SUP: 205985
12 38 #SUP: 210304
12 41 #SUP: 264239
12 41 43 #SUP: 229313
12 41 59 #SUP: 216663
12 43 #SUP: 290899
12 43 59 #SUP: 219351
12 59 #SUP: 246228
12 63 #SUP: 220294
14 #SUP: 215464
14 15 #SUP: 203733
14 15 16 #SUP: 202901
14 15 16 17 #SUP: 202894
14 15 16 17 18 #SUP: 202719
14 15 16 18 #SUP: 202726
14 15 17 #SUP: 203726
14 15 17 18 #SUP: 203531
14 15 18 #SUP: 203538
14 16 #SUP: 214280
14 16 17 #SUP: 214272
14 16 17 18 #SUP: 214072
14 16 17 18 31 #SUP: 201367
14 16 17 31 #SUP: 201534
14 16 18 #SUP: 214080
14 16 18 31 #SUP: 201374
14 16 31 #SUP: 201541
14 17 #SUP: 215456
14 17 18 #SUP: 215236
14 17 18 31 #SUP: 202381
14 17 31 #SUP: 202563
14 18 #SUP: 215244
14 18 31 #SUP: 202388
14 31 #SUP: 202570
15 #SUP: 272918
15 16 #SUP: 267037
15 16 17 #SUP: 267006
15 16 17 18 #SUP: 266356
15 16 17 18 21 #SUP: 237204
15 16 17 18 21 27 #SUP: 216211
15 16 17 18 21 27 31 #SUP: 206075
15 16 17 18 21 29 #SUP: 209742
15 16 17 18 21 31 #SUP: 225791
15 16 17 18 21 43 #SUP: 202742
15 16 17 18 24 #SUP: 213638
15 16 17 18 24 31 #SUP: 203233
15 16 17 18 25 #SUP: 203624
15 16 17 18 27 #SUP: 225666
15 16 17 18 27 31 #SUP: 214628
15 16 17 18 28 #SUP: 211416
15 16 17 18 28 31 #SUP: 203420
15 16 17 18 29 #SUP: 232986
15 16 17 18 29 31 #SUP: 220915
15 16 17 18 31 #SUP: 252475
15 16 17 18 31 41 #SUP: 205100
15 16 17 18 31 43 #SUP: 216801
15 16 17 18 41 #SUP: 211284
15 16 17 18 43 #SUP: 228386
15 16 17 21 #SUP: 237780
15 16 17 21 27 #SUP: 216675
15 16 17 21 27 31 #SUP: 206469
15 16 17 21 29 #SUP: 210279
15 16 17 21 29 31 #SUP: 200141
15 16 17 21 31 #SUP: 226287
15 16 17 21 43 #SUP: 203217
15 16 17 24 #SUP: 214173
15 16 17 24 31 #SUP: 203685
15 16 17 25 #SUP: 204212
15 16 17 27 #SUP: 226145
15 16 17 27 31 #SUP: 215034
15 16 17 28 #SUP: 212023
15 16 17 28 31 #SUP: 203933
15 16 17 29 #SUP: 233588
15 16 17 29 31 #SUP: 221427
15 16 17 29 43 #SUP: 200175
15 16 17 31 #SUP: 253024
15 16 17 31 41 #SUP: 205556
15 16 17 31 43 #SUP: 217259
15 16 17 41 #SUP: 211777
15 16 17 43 #SUP: 228926
15 16 18 #SUP: 266387
15 16 18 21 #SUP: 237234
15 16 18 21 27 #SUP: 216238
15 16 18 21 27 31 #SUP: 206096
15 16 18 21 29 #SUP: 209772
15 16 18 21 31 #SUP: 225815
15 16 18 21 43 #SUP: 202770
15 16 18 24 #SUP: 213660
15 16 18 24 31 #SUP: 203249
15 16 18 25 #SUP: 203650
15 16 18 27 #SUP: 225693
15 16 18 27 31 #SUP: 214649
15 16 18 28 #SUP: 211443
15 16 18 28 31 #SUP: 203442
15 16 18 29 #SUP: 233017
15 16 18 29 31 #SUP: 220940
15 16 18 31 #SUP: 252500
15 16 18 31 41 #SUP: 205121
15 16 18 31 43 #SUP: 216825
15 16 18 41 #SUP: 211308
15 16 18 43 #SUP: 228415
15 16 21 #SUP: 237810
15 16 21 27 #SUP: 216702
15 16 21 27 31 #SUP: 206490
15 16 21 29 #SUP: 210309
15 16 21 29 31 #SUP: 200165
15 16 21 31 #SUP: 226311
15 16 21 43 #SUP: 203245
15 16 24 #SUP: 214195
15 16 24 31 #SUP: 203701
15 16 25 #SUP: 204238
15 16 27 #SUP: 226172
15 16 27 31 #SUP: 215055
15 16 28 #SUP: 212050
15 16 28 31 #SUP: 203955
15 16 29 #SUP: 233619
15 16 29 31 #SUP: 221452
15 16 29 43 #SUP: 200204
15 16 31 #SUP: 253049
15 16 31 41 #SUP: 205577
15 16 31 43 #SUP: 217283
15 16 41 #SUP: 211801
15 16 43 #SUP: 228955
15 17 #SUP: 272887
15 17 18 #SUP: 271917
15 17 18 21 #SUP: 242235
15 17 18 21 27 #SUP: 220157
15 17 18 21 27 31 #SUP: 208970
15 17 18 21 29 #SUP: 214437
15 17 18 21 29 31 #SUP: 203235
15 17 18 21 31 #SUP: 229554
15 17 18 21 43 #SUP: 206798
15 17 18 24 #SUP: 218227
15 17 18 24 31 #SUP: 206631
15 17 18 25 #SUP: 208437
15 17 18 27 #SUP: 229788
15 17 18 27 29 #SUP: 201341
15 17 18 27 31 #SUP: 217626
15 17 18 28 #SUP: 216810
15 17 18 28 31 #SUP: 207385
15 17 18 29 #SUP: 238158
15 17 18 29 31 #SUP: 224777
15 17 18 29 43 #SUP: 203836
15 17 18 31 #SUP: 256569
15 17 18 31 41 #SUP: 208160
15 17 18 31 43 #SUP: 220153
15 17 18 41 #SUP: 214813
15 17 18 43 #SUP: 232870
15 17 18 59 #SUP: 202374
15 17 21 #SUP: 243089
15 17 21 27 #SUP: 220879
15 17 21 27 31 #SUP: 209586
15 17 21 29 #SUP: 215220
15 17 21 29 31 #SUP: 203912
15 17 21 31 #SUP: 230290
15 17 21 43 #SUP: 207508
15 17 24 #SUP: 219009
15 17 24 31 #SUP: 207304
15 17 25 #SUP: 209342
15 17 27 #SUP: 230535
15 17 27 29 #SUP: 202017
15 17 27 31 #SUP: 218261
15 17 28 #SUP: 217646
15 17 28 31 #SUP: 208095
15 17 29 #SUP: 239039
15 17 29 31 #SUP: 225526
15 17 29 43 #SUP: 204569
15 17 31 #SUP: 257392
15 17 31 41 #SUP: 208832
15 17 31 43 #SUP: 220845
15 17 41 #SUP: 215531
15 17 43 #SUP: 233680
15 17 59 #SUP: 202774
15 18 #SUP: 271948
15 18 21 #SUP: 242265
15 18 21 27 #SUP: 220184
15 18 21 27 31 #SUP: 208991
15 18 21 29 #SUP: 214467
15 18 21 29 31 #SUP: 203259
15 18 21 31 #SUP: 229578
15 18 21 43 #SUP: 206826
15 18 24 #SUP: 218249
15 18 24 31 #SUP: 206647
15 18 25 #SUP: 208463
15 18 27 #SUP: 229815
15 18 27 29 #SUP: 201368
15 18 27 31 #SUP: 217647
15 18 28 #SUP: 216837
15 18 28 31 #SUP: 207407
15 18 29 #SUP: 238189
15 18 29 31 #SUP: 224802
15 18 29 43 #SUP: 203865
15 18 31 #SUP: 256594
15 18 31 41 #SUP: 208181
15 18 31 43 #SUP: 220177
15 18 41 #SUP: 214837
15 18 43 #SUP: 232899
15 18 59 #SUP: 202395
15 21 #SUP: 243119
15 21 27 #SUP: 220906
15 21 27 31 #SUP: 209607
15 21 29 #SUP: 215250
15 21 29 31 #SUP: 203936
15 21 31 #SUP: 230314
15 21 43 #SUP: 207536
15 24 #SUP: 219031
15 24 31 #SUP: 207320
15 25 #SUP: 209368
15 27 #SUP: 230562
15 27 29 #SUP: 202044
15 27 31 #SUP: 218282
15 28 #SUP: 217673
15 28 31 #SUP: 208117
15 29 #SUP: 239070
15 29 31 #SUP: 225551
15 29 43 #SUP: 204598
15 31 #SUP: 257417
15 31 41 #SUP: 208853
15 31 43 #SUP: 220869
15 41 #SUP: 215555
15 43 #SUP: 233709
15 59 #SUP: 202795
16 #SUP: 332414
16 17 #SUP: 332382
16 17 18 #SUP: 331616
16 17 18 21 #SUP: 294632
16 17 18 21 24 #SUP: 235796
16 17 18 21 24 27 #SUP: 211766
16 17 18 21 24 27 31 #SUP: 200593
16 17 18 21 24 29 #SUP: 210178
16 17 18 21 24 31 #SUP: 223125
16 17 18 21 24 43 #SUP: 203363
16 17 18 21 25 #SUP: 218606
16 17 18 21 25 31 #SUP: 205387
16 17 18 21 27 #SUP: 266033
16 17 18 21 27 28 #SUP: 206129
16 17 18 21 27 29 #SUP: 234343
16 17 18 21 27 29 31 #SUP: 221548
16 17 18 21 27 29 43 #SUP: 201422
16 17 18 21 27 31 #SUP: 251494
16 17 18 21 27 31 41 #SUP: 204802
16 17 18 21 27 31 43 #SUP: 216482
16 17 18 21 27 41 #SUP: 210477
16 17 18 21 27 43 #SUP: 228525
16 17 18 21 28 #SUP: 229098
16 17 18 21 28 29 #SUP: 201328
16 17 18 21 28 31 #SUP: 219906
16 17 18 21 29 #SUP: 261358
16 17 18 21 29 31 #SUP: 246755
16 17 18 21 29 31 41 #SUP: 202014
16 17 18 21 29 31 43 #SUP: 211741
16 17 18 21 29 41 #SUP: 207684
16 17 18 21 29 43 #SUP: 223797
16 17 18 21 31 #SUP: 278176
16 17 18 21 31 41 #SUP: 224441
16 17 18 21 31 43 #SUP: 238601
16 17 18 21 31 59 #SUP: 214105
16 17 18 21 41 #SUP: 230821
16 17 18 21 43 #SUP: 252156
16 17 18 21 59 #SUP: 218448
16 17 18 22 #SUP: 225458
16 17 18 22 31 #SUP: 215476
16 17 18 24 #SUP: 267233
16 17 18 24 25 #SUP: 206018
16 17 18 24 27 #SUP: 220922
16 17 18 24 27 31 #SUP: 208898
16 17 18 24 28 #SUP: 212638
16 17 18 24 28 31 #SUP: 203941
16 17 18 24 29 #SUP: 235711
16 17 18 24 29 31 #SUP: 222050
16 17 18 24 29 43 #SUP: 203688
16 17 18 24 31 #SUP: 251808
16 17 18 24 31 41 #SUP: 203271
16 17 18 24 31 43 #SUP: 218289
16 17 18 24 41 #SUP: 209472
16 17 18 24 43 #SUP: 231061
16 17 18 25 #SUP: 252319
16 17 18 25 27 #SUP: 203608
16 17 18 25 28 #SUP: 206896
16 17 18 25 29 #SUP: 218522
16 17 18 25 29 31 #SUP: 204137
16 17 18 25 31 #SUP: 235841
16 17 18 25 31 43 #SUP: 206117
16 17 18 25 43 #SUP: 219915
16 17 18 27 #SUP: 277355
16 17 18 27 28 #SUP: 216244
16 17 18 27 28 31 #SUP: 207245
16 17 18 27 29 #SUP: 243513
16 17 18 27 29 31 #SUP: 229754
16 17 18 27 29 43 #SUP: 208936
16 17 18 27 31 #SUP: 261618
16 17 18 27 31 41 #SUP: 212782
16 17 18 27 31 43 #SUP: 224889
16 17 18 27 31 59 #SUP: 203558
16 17 18 27 41 #SUP: 219113
16 17 18 27 43 #SUP: 237867
16 17 18 27 59 #SUP: 208191
16 17 18 28 #SUP: 262550
16 17 18 28 29 #SUP: 228011
16 17 18 28 29 31 #SUP: 217956
16 17 18 28 31 #SUP: 250614
16 17 18 28 31 41 #SUP: 203465
16 17 18 28 31 43 #SUP: 216223
16 17 18 28 41 #SUP: 209695
16 17 18 28 43 #SUP: 226199
16 17 18 29 #SUP: 291213
16 17 18 29 31 #SUP: 273591
16 17 18 29 31 41 #SUP: 223056
16 17 18 29 31 43 #SUP: 235213
16 17 18 29 31 59 #SUP: 210633
16 17 18 29 41 #SUP: 230406
16 17 18 29 43 #SUP: 249836
16 17 18 29 59 #SUP: 215497
16 17 18 31 #SUP: 311543
16 17 18 31 41 #SUP: 250447
16 17 18 31 41 43 #SUP: 217720
16 17 18 31 41 59 #SUP: 208107
16 17 18 31 43 #SUP: 267911
16 17 18 31 43 59 #SUP: 210557
16 17 18 31 59 #SUP: 236190
16 17 18 31 63 #SUP: 201635
16 17 18 38 #SUP: 205297
16 17 18 41 #SUP: 258908
16 17 18 41 43 #SUP: 224944
16 17 18 41 59 #SUP: 212716
16 17 18 43 #SUP: 284559
16 17 18 43 59 #SUP: 215648
16 17 18 59 #SUP: 241859
16 17 18 63 #SUP: 214721
16 17 21 #SUP: 295320
16 17 21 22 #SUP: 200066
16 17 21 24 #SUP: 236361
16 17 21 24 27 #SUP: 212220
16 17 21 24 27 31 #SUP: 200971
16 17 21 24 29 #SUP: 210708
16 17 21 24 31 #SUP: 223603
16 17 21 24 43 #SUP: 203829
16 17 21 25 #SUP: 219148
16 17 21 25 31 #SUP: 205850
16 17 21 27 #SUP: 266596
16 17 21 27 28 #SUP: 206647
16 17 21 27 29 #SUP: 234868
16 17 21 27 29 31 #SUP: 221982
16 17 21 27 29 43 #SUP: 201856
16 17 21 27 31 #SUP: 251958
16 17 21 27 31 41 #SUP: 205190
16 17 21 27 31 43 #SUP: 216870
16 17 21 27 41 #SUP: 210902
16 17 21 27 43 #SUP: 228992
16 17 21 28 #SUP: 229734
16 17 21 28 29 #SUP: 201924
16 17 21 28 31 #SUP: 220442
16 17 21 29 #SUP: 262003
16 17 21 29 31 #SUP: 247300
16 17 21 29 31 41 #SUP: 202471
16 17 21 29 31 43 #SUP: 212186
16 17 21 29 41 #SUP: 208178
16 17 21 29 43 #SUP: 224322
16 17 21 31 #SUP: 278754
16 17 21 31 41 #SUP: 224922
16 17 21 31 43 #SUP: 239077
16 17 21 31 59 #SUP: 214509
16 17 21 41 #SUP: 231344
16 17 21 41 43 #SUP: 200416
16 17 21 43 #SUP: 252718
16 17 21 59 #SUP: 218878
16 17 22 #SUP: 225890
16 17 22 31 #SUP: 215867
16 17 24 #SUP: 267864
16 17 24 25 #SUP: 206526
16 17 24 27 #SUP: 221389
16 17 24 27 31 #SUP: 209286
16 17 24 28 #SUP: 213225
16 17 24 28 31 #SUP: 204431
16 17 24 29 #SUP: 236298
16 17 24 29 31 #SUP: 222543
16 17 24 29 43 #SUP: 204173
16 17 24 31 #SUP: 252335
16 17 24 31 41 #SUP: 203704
16 17 24 31 43 #SUP: 218734
16 17 24 41 #SUP: 209941
16 17 24 43 #SUP: 231584
16 17 25 #SUP: 252934
16 17 25 27 #SUP: 204052
16 17 25 28 #SUP: 207479
16 17 25 29 #SUP: 219094
16 17 25 29 31 #SUP: 204620
16 17 25 31 #SUP: 236357
16 17 25 31 43 #SUP: 206548
16 17 25 43 #SUP: 220426
16 17 27 #SUP: 277935
16 17 27 28 #SUP: 216778
16 17 27 28 31 #SUP: 207686
16 17 27 29 #SUP: 244054
16 17 27 29 31 #SUP: 230201
16 17 27 29 43 #SUP: 209385
16 17 27 31 #SUP: 262096
16 17 27 31 41 #SUP: 213181
16 17 27 31 43 #SUP: 225291
16 17 27 31 59 #SUP: 203892
16 17 27 41 #SUP: 219551
16 17 27 43 #SUP: 238350
16 17 27 59 #SUP: 208551
16 17 28 #SUP: 263256
16 17 28 29 #SUP: 228668
16 17 28 29 31 #SUP: 218504
16 17 28 31 #SUP: 251201
16 17 28 31 41 #SUP: 203951
16 17 28 31 43 #SUP: 216713
16 17 28 41 #SUP: 210231
16 17 28 43 #SUP: 226782
16 17 29 #SUP: 291926
16 17 29 31 #SUP: 274185
16 17 29 31 41 #SUP: 223549
16 17 29 31 43 #SUP: 235702
16 17 29 31 59 #SUP: 211045
16 17 29 41 #SUP: 230945
16 17 29 41 43 #SUP: 200115
16 17 29 43 #SUP: 250420
16 17 29 59 #SUP: 215937
16 17 31 #SUP: 312178
16 17 31 41 #SUP: 250970
16 17 31 41 43 #SUP: 218167
16 17 31 41 59 #SUP: 208510
16 17 31 43 #SUP: 268439
16 17 31 43 59 #SUP: 210933
16 17 31 59 #SUP: 236623
16 17 31 63 #SUP: 202067
16 17 38 #SUP: 205748
16 17 41 #SUP: 259482
16 17 41 43 #SUP: 225434
16 17 41 59 #SUP: 213142
16 17 43 #SUP: 285190
16 17 43 59 #SUP: 216047
16 17 59 #SUP: 242320
16 17 63 #SUP: 215227
16 18 #SUP: 331648
16 18 21 #SUP: 294663
16 18 21 24 #SUP: 235818
16 18 21 24 27 #SUP: 211786
16 18 21 24 27 31 #SUP: 200607
16 18 21 24 29 #SUP: 210200
16 18 21 24 31 #SUP: 223141
16 18 21 24 43 #SUP: 203384
16 18 21 25 #SUP: 218631
16 18 21 25 31 #SUP: 205407
16 18 21 27 #SUP: 266061
16 18 21 27 28 #SUP: 206153
16 18 21 27 29 #SUP: 234371
16 18 21 27 29 31 #SUP: 221570
16 18 21 27 29 43 #SUP: 201448
16 18 21 27 31 #SUP: 251516
16 18 21 27 31 41 #SUP: 204821
16 18 21 27 31 43 #SUP: 216503
16 18 21 27 41 #SUP: 210499
16 18 21 27 43 #SUP: 228551
16 18 21 28 #SUP: 229125
16 18 21 28 29 #SUP: 201355
16 18 21 28 31 #SUP: 219928
16 18 21 29 #SUP: 261389
16 18 21 29 31 #SUP: 246780
16 18 21 29 31 41 #SUP: 202036
16 18 21 29 31 43 #SUP: 211765
16 18 21 29 41 #SUP: 207709
16 18 21 29 43 #SUP: 223826
16 18 21 31 #SUP: 278201
16 18 21 31 41 #SUP: 224463
16 18 21 31 43 #SUP: 238625
16 18 21 31 59 #SUP: 214124
16 18 21 41 #SUP: 230846
16 18 21 41 43 #SUP: 199995
16 18 21 43 #SUP: 252185
16 18 21 59 #SUP: 218469
16 18 22 #SUP: 225478
16 18 22 31 #SUP: 215491
16 18 24 #SUP: 267256
16 18 24 25 #SUP: 206035
16 18 24 27 #SUP: 220942
16 18 24 27 31 #SUP: 208912
16 18 24 28 #SUP: 212659
16 18 24 28 31 #SUP: 203957
16 18 24 29 #SUP: 235734
16 18 24 29 31 #SUP: 222067
16 18 24 29 43 #SUP: 203710
16 18 24 31 #SUP: 251825
16 18 24 31 41 #SUP: 203286
16 18 24 31 43 #SUP: 218306
16 18 24 41 #SUP: 209490
16 18 24 43 #SUP: 231083
16 18 25 #SUP: 252345
16 18 25 27 #SUP: 203630
16 18 25 28 #SUP: 206919
16 18 25 29 #SUP: 218548
16 18 25 29 31 #SUP: 204158
16 18 25 31 #SUP: 235862
16 18 25 31 43 #SUP: 206137
16 18 25 43 #SUP: 219939
16 18 27 #SUP: 277383
16 18 27 28 #SUP: 216268
16 18 27 28 31 #SUP: 207264
16 18 27 29 #SUP: 243541
16 18 27 29 31 #SUP: 229776
16 18 27 29 43 #SUP: 208962
16 18 27 31 #SUP: 261640
16 18 27 31 41 #SUP: 212801
16 18 27 31 43 #SUP: 224910
16 18 27 31 59 #SUP: 203574
16 18 27 41 #SUP: 219135
16 18 27 43 #SUP: 237893
16 18 27 59 #SUP: 208209
16 18 28 #SUP: 262578
16 18 28 29 #SUP: 228039
16 18 28 29 31 #SUP: 217979
16 18 28 31 #SUP: 250637
16 18 28 31 41 #SUP: 203485
16 18 28 31 43 #SUP: 216245
16 18 28 41 #SUP: 209718
16 18 28 43 #SUP: 226225
16 18 29 #SUP: 291245
16 18 29 31 #SUP: 273617
16 18 29 31 41 #SUP: 223078
16 18 29 31 43 #SUP: 235238
16 18 29 31 59 #SUP: 210652
16 18 29 41 #SUP: 230431
16 18 29 43 #SUP: 249866
16 18 29 59 #SUP: 215518
16 18 31 #SUP: 311569
16 18 31 41 #SUP: 250469
16 18 31 41 43 #SUP: 217741
16 18 31 41 59 #SUP: 208126
16 18 31 43 #SUP: 267936
16 18 31 43 59 #SUP: 210576
16 18 31 59 #SUP: 236209
16 18 31 63 #SUP: 201656
16 18 38 #SUP: 205313
16 18 41 #SUP: 258933
16 18 41 43 #SUP: 224968
16 18 41 59 #SUP: 212737
16 18 43 #SUP: 284589
16 18 43 59 #SUP: 215669
16 18 59 #SUP: 241880
16 18 63 #SUP: 214747
16 21 #SUP: 295351
16 21 22 #SUP: 200086
16 21 24 #SUP: 236383
16 21 24 27 #SUP: 212240
16 21 24 27 31 #SUP: 200985
16 21 24 29 #SUP: 210730
16 21 24 31 #SUP: 223619
16 21 24 43 #SUP: 203850
16 21 25 #SUP: 219173
16 21 25 31 #SUP: 205870
16 21 27 #SUP: 266624
16 21 27 28 #SUP: 206671
16 21 27 29 #SUP: 234896
16 21 27 29 31 #SUP: 222004
16 21 27 29 43 #SUP: 201882
16 21 27 31 #SUP: 251980
16 21 27 31 41 #SUP: 205209
16 21 27 31 43 #SUP: 216891
16 21 27 41 #SUP: 210924
16 21 27 43 #SUP: 229018
16 21 28 #SUP: 229761
16 21 28 29 #SUP: 201951
16 21 28 31 #SUP: 220464
16 21 29 #SUP: 262034
16 21 29 31 #SUP: 247325
16 21 29 31 41 #SUP: 202493
16 21 29 31 43 #SUP: 212210
16 21 29 41 #SUP: 208203
16 21 29 43 #SUP: 224351
16 21 31 #SUP: 278779
16 21 31 41 #SUP: 224944
16 21 31 43 #SUP: 239101
16 21 31 59 #SUP: 214528
16 21 41 #SUP: 231369
16 21 41 43 #SUP: 200440
16 21 43 #SUP: 252747
16 21 59 #SUP: 218899
16 22 #SUP: 225910
16 22 31 #SUP: 215882
16 24 #SUP: 267887
16 24 25 #SUP: 206543
16 24 27 #SUP: 221409
16 24 27 31 #SUP: 209300
16 24 28 #SUP: 213246
16 24 28 31 #SUP: 204447
16 24 29 #SUP: 236321
16 24 29 31 #SUP: 222560
16 24 29 43 #SUP: 204195
16 24 31 #SUP: 252352
16 24 31 41 #SUP: 203719
16 24 31 43 #SUP: 218751
16 24 41 #SUP: 209959
16 24 43 #SUP: 231606
16 25 #SUP: 252960
16 25 27 #SUP: 204074
16 25 28 #SUP: 207502
16 25 29 #SUP: 219120
16 25 29 31 #SUP: 204641
16 25 31 #SUP: 236378
16 25 31 43 #SUP: 206568
16 25 43 #SUP: 220450
16 27 #SUP: 277963
16 27 28 #SUP: 216802
16 27 28 31 #SUP: 207705
16 27 29 #SUP: 244082
16 27 29 31 #SUP: 230223
16 27 29 43 #SUP: 209411
16 27 31 #SUP: 262118
16 27 31 41 #SUP: 213200
16 27 31 43 #SUP: 225312
16 27 31 59 #SUP: 203908
16 27 41 #SUP: 219573
16 27 43 #SUP: 238376
16 27 59 #SUP: 208569
16 28 #SUP: 263284
16 28 29 #SUP: 228696
16 28 29 31 #SUP: 218527
16 28 31 #SUP: 251224
16 28 31 41 #SUP: 203971
16 28 31 43 #SUP: 216735
16 28 41 #SUP: 210254
16 28 43 #SUP: 226808
16 29 #SUP: 291958
16 29 31 #SUP: 274211
16 29 31 41 #SUP: 223571
16 29 31 43 #SUP: 235727
16 29 31 59 #SUP: 211064
16 29 41 #SUP: 230970
16 29 41 43 #SUP: 200139
16 29 43 #SUP: 250450
16 29 59 #SUP: 215958
16 31 #SUP: 312204
16 31 41 #SUP: 250992
16 31 41 43 #SUP: 218188
16 31 41 59 #SUP: 208529
16 31 43 #SUP: 268464
16 31 43 59 #SUP: 210952
16 31 59 #SUP: 236642
16 31 63 #SUP: 202088
16 38 #SUP: 205764
16 41 #SUP: 259507
16 41 43 #SUP: 225458
16 41 59 #SUP: 213163
16 43 #SUP: 285220
16 43 59 #SUP: 216068
16 59 #SUP: 242341
16 63 #SUP: 215253
17 #SUP: 340151
17 18 #SUP: 339063
17 18 21 #SUP: 301447
17 18 21 22 #SUP: 203595
17 18 21 24 #SUP: 241338
17 18 21 24 27 #SUP: 216240
17 18 21 24 27 31 #SUP: 203939
17 18 21 24 29 #SUP: 215387
17 18 21 24 29 31 #SUP: 202848
17 18 21 24 31 #SUP: 227328
17 18 21 24 43 #SUP: 207797
17 18 21 25 #SUP: 223275
17 18 21 25 31 #SUP: 208922
17 18 21 27 #SUP: 271587
17 18 21 27 28 #SUP: 211360
17 18 21 27 28 31 #SUP: 201968
17 18 21 27 29 #SUP: 239489
17 18 21 27 29 31 #SUP: 225426
17 18 21 27 29 43 #SUP: 205499
17 18 21 27 31 #SUP: 255625
17 18 21 27 31 41 #SUP: 207974
17 18 21 27 31 43 #SUP: 219780
17 18 21 27 41 #SUP: 214142
17 18 21 27 43 #SUP: 232937
17 18 21 27 59 #SUP: 202299
17 18 21 28 #SUP: 235547
17 18 21 28 29 #SUP: 207375
17 18 21 28 31 #SUP: 224758
17 18 21 28 43 #SUP: 201754
17 18 21 29 #SUP: 267741
17 18 21 29 31 #SUP: 251619
17 18 21 29 31 41 #SUP: 205805
17 18 21 29 31 43 #SUP: 215628
17 18 21 29 41 #SUP: 211996
17 18 21 29 43 #SUP: 228861
17 18 21 31 #SUP: 283309
17 18 21 31 41 #SUP: 228377
17 18 21 31 43 #SUP: 242716
17 18 21 31 59 #SUP: 217542
17 18 21 41 #SUP: 235324
17 18 21 41 43 #SUP: 203638
17 18 21 43 #SUP: 257574
17 18 21 59 #SUP: 222159
17 18 22 #SUP: 229726
17 18 22 31 #SUP: 218931
17 18 24 #SUP: 273310
17 18 24 25 #SUP: 210282
17 18 24 27 #SUP: 225596
17 18 24 27 31 #SUP: 212369
17 18 24 28 #SUP: 218403
17 18 24 28 31 #SUP: 208252
17 18 24 29 #SUP: 241402
17 18 24 29 31 #SUP: 226360
17 18 24 29 43 #SUP: 208219
17 18 24 31 #SUP: 256356
17 18 24 31 41 #SUP: 206757
17 18 24 31 43 #SUP: 221959
17 18 24 41 #SUP: 213480
17 18 24 43 #SUP: 235907
17 18 24 59 #SUP: 201679
17 18 25 #SUP: 257476
17 18 25 27 #SUP: 207349
17 18 25 28 #SUP: 212007
17 18 25 28 31 #SUP: 200635
17 18 25 29 #SUP: 223337
17 18 25 29 31 #SUP: 207765
17 18 25 31 #SUP: 239681
17 18 25 31 43 #SUP: 209318
17 18 25 43 #SUP: 224143
17 18 27 #SUP: 283158
17 18 27 28 #SUP: 221701
17 18 27 28 31 #SUP: 211266
17 18 27 29 #SUP: 248879
17 18 27 29 31 #SUP: 233770
17 18 27 29 31 43 #SUP: 200737
17 18 27 29 43 #SUP: 213146
17 18 27 31 #SUP: 265901
17 18 27 31 41 #SUP: 216043
17 18 27 31 43 #SUP: 228284
17 18 27 31 59 #SUP: 206320
17 18 27 41 #SUP: 222896
17 18 27 43 #SUP: 242428
17 18 27 59 #SUP: 211211
17 18 28 #SUP: 269601
17 18 28 29 #SUP: 234602
17 18 28 29 31 #SUP: 222903
17 18 28 29 43 #SUP: 201604
17 18 28 31 #SUP: 255845
17 18 28 31 41 #SUP: 207463
17 18 28 31 43 #SUP: 220437
17 18 28 41 #SUP: 214339
17 18 28 43 #SUP: 231819
17 18 28 59 #SUP: 202401
17 18 29 #SUP: 298165
17 18 29 31 #SUP: 278822
17 18 29 31 41 #SUP: 227085
17 18 29 31 43 #SUP: 239384
17 18 29 31 59 #SUP: 214156
17 18 29 41 #SUP: 235042
17 18 29 41 43 #SUP: 203426
17 18 29 43 #SUP: 255338
17 18 29 59 #SUP: 219311
17 18 31 #SUP: 317077
17 18 31 41 #SUP: 254641
17 18 31 41 43 #SUP: 221152
17 18 31 41 59 #SUP: 211403
17 18 31 43 #SUP: 272337
17 18 31 43 59 #SUP: 213638
17 18 31 59 #SUP: 239836
17 18 31 63 #SUP: 205660
17 18 38 #SUP: 209971
17 18 41 #SUP: 263771
17 18 41 43 #SUP: 228909
17 18 41 59 #SUP: 216255
17 18 43 #SUP: 290463
17 18 43 59 #SUP: 218983
17 18 59 #SUP: 245804
17 18 63 #SUP: 219927
17 21 #SUP: 302415
17 21 22 #SUP: 203995
17 21 24 #SUP: 242118
17 21 24 27 #SUP: 216891
17 21 24 27 31 #SUP: 204495
17 21 24 29 #SUP: 216108
17 21 24 29 31 #SUP: 203472
17 21 24 31 #SUP: 228000
17 21 24 43 #SUP: 208446
17 21 25 #SUP: 224092
17 21 25 31 #SUP: 209623
17 21 27 #SUP: 272410
17 21 27 28 #SUP: 212056
17 21 27 28 31 #SUP: 202549
17 21 27 29 #SUP: 240242
17 21 27 29 31 #SUP: 226055
17 21 27 29 43 #SUP: 206124
17 21 27 31 #SUP: 256313
17 21 27 31 41 #SUP: 208542
17 21 27 31 43 #SUP: 220357
17 21 27 41 #SUP: 214752
17 21 27 43 #SUP: 233622
17 21 27 59 #SUP: 202652
17 21 28 #SUP: 236376
17 21 28 29 #SUP: 208140
17 21 28 31 #SUP: 225460
17 21 28 43 #SUP: 202439
17 21 29 #SUP: 268634
17 21 29 31 #SUP: 252377
17 21 29 31 41 #SUP: 206436
17 21 29 31 43 #SUP: 216254
17 21 29 41 #SUP: 212669
17 21 29 43 #SUP: 229596
17 21 29 59 #SUP: 200091
17 21 31 #SUP: 284129
17 21 31 41 #SUP: 229051
17 21 31 43 #SUP: 243398
17 21 31 59 #SUP: 217954
17 21 41 #SUP: 236045
17 21 41 43 #SUP: 204254
17 21 43 #SUP: 258373
17 21 59 #SUP: 222597
17 22 #SUP: 230160
17 22 31 #SUP: 219324
17 24 #SUP: 274190
17 24 25 #SUP: 211035
17 24 27 #SUP: 226267
17 24 27 31 #SUP: 212941
17 24 28 #SUP: 219168
17 24 28 31 #SUP: 208905
17 24 29 #SUP: 242206
17 24 29 31 #SUP: 227047
17 24 29 43 #SUP: 208888
17 24 31 #SUP: 257106
17 24 31 41 #SUP: 207369
17 24 31 43 #SUP: 222596
17 24 41 #SUP: 214134
17 24 43 #SUP: 236642
17 24 59 #SUP: 202068
17 25 #SUP: 258408
17 25 27 #SUP: 208059
17 25 28 #SUP: 212816
17 25 28 31 #SUP: 201319
17 25 29 #SUP: 224185
17 25 29 31 #SUP: 208483
17 25 31 #SUP: 240469
17 25 31 43 #SUP: 209982
17 25 43 #SUP: 224923
17 27 #SUP: 284008
17 27 28 #SUP: 222422
17 27 28 31 #SUP: 211866
17 27 29 #SUP: 249654
17 27 29 31 #SUP: 234416
17 27 29 31 43 #SUP: 201277
17 27 29 43 #SUP: 213791
17 27 31 #SUP: 266610
17 27 31 41 #SUP: 216629
17 27 31 43 #SUP: 228881
17 27 31 59 #SUP: 206661
17 27 41 #SUP: 223527
17 27 43 #SUP: 243137
17 27 59 #SUP: 211578
17 28 #SUP: 270537
17 28 29 #SUP: 235456
17 28 29 31 #SUP: 223619
17 28 29 43 #SUP: 202310
17 28 31 #SUP: 256630
17 28 31 41 #SUP: 208106
17 28 31 43 #SUP: 221096
17 28 41 #SUP: 215037
17 28 43 #SUP: 232596
17 28 59 #SUP: 202853
17 29 #SUP: 299159
17 29 31 #SUP: 279655
17 29 31 41 #SUP: 227771
17 29 31 43 #SUP: 240077
17 29 31 59 #SUP: 214575
17 29 41 #SUP: 235783
17 29 41 43 #SUP: 204055
17 29 43 #SUP: 256160
17 29 59 #SUP: 219758
17 31 #SUP: 317988
17 31 41 #SUP: 255382
17 31 41 43 #SUP: 221788
17 31 41 59 #SUP: 211811
17 31 43 #SUP: 273101
17 31 43 59 #SUP: 214019
17 31 59 #SUP: 240277
17 31 63 #SUP: 206271
17 38 #SUP: 210613
17 41 #SUP: 264572
17 41 43 #SUP: 229594
17 41 59 #SUP: 216686
17 43 #SUP: 291366
17 43 59 #SUP: 219387
17 59 #SUP: 246273
17 63 #SUP: 220632
18 #SUP: 339095
18 21 #SUP: 301478
18 21 22 #SUP: 203615
18 21 24 #SUP: 241360
18 21 24 27 #SUP: 216260
18 21 24 27 31 #SUP: 203953
18 21 24 29 #SUP: 215409
18 21 24 29 31 #SUP: 202864
18 21 24 31 #SUP: 227344
18 21 24 43 #SUP: 207818
18 21 25 #SUP: 223300
18 21 25 31 #SUP: 208942
18 21 27 #SUP: 271615
18 21 27 28 #SUP: 211384
18 21 27 28 31 #SUP: 201987
18 21 27 29 #SUP: 239517
18 21 27 29 31 #SUP: 225448
18 21 27 29 43 #SUP: 205525
18 21 27 31 #SUP: 255647
18 21 27 31 41 #SUP: 207993
18 21 27 31 43 #SUP: 219801
18 21 27 41 #SUP: 214164
18 21 27 43 #SUP: 232963
18 21 27 59 #SUP: 202317
18 21 28 #SUP: 235574
18 21 28 29 #SUP: 207402
18 21 28 31 #SUP: 224780
18 21 28 43 #SUP: 201779
18 21 29 #SUP: 267772
18 21 29 31 #SUP: 251644
18 21 29 31 41 #SUP: 205827
18 21 29 31 43 #SUP: 215652
18 21 29 41 #SUP: 212021
18 21 29 43 #SUP: 228890
18 21 31 #SUP: 283334
18 21 31 41 #SUP: 228399
18 21 31 43 #SUP: 242740
18 21 31 59 #SUP: 217561
18 21 41 #SUP: 235349
18 21 41 43 #SUP: 203662
18 21 43 #SUP: 257603
18 21 59 #SUP: 222180
18 22 #SUP: 229746
18 22 31 #SUP: 218946
18 24 #SUP: 273333
18 24 25 #SUP: 210299
18 24 27 #SUP: 225616
18 24 27 31 #SUP: 212383
18 24 28 #SUP: 218424
18 24 28 31 #SUP: 208268
18 24 29 #SUP: 241425
18 24 29 31 #SUP: 226377
18 24 29 43 #SUP: 208241
18 24 31 #SUP: 256373
18 24 31 41 #SUP: 206772
18 24 31 43 #SUP: 221976
18 24 41 #SUP: 213498
18 24 43 #SUP: 235929
18 24 59 #SUP: 201694
18 25 #SUP: 257502
18 25 27 #SUP: 207371
18 25 28 #SUP: 212030
18 25 28 31 #SUP: 200653
18 25 29 #SUP: 223363
18 25 29 31 #SUP: 207786
18 25 31 #SUP: 239702
18 25 31 43 #SUP: 209338
18 25 43 #SUP: 224167
18 27 #SUP: 283186
18 27 28 #SUP: 221725
18 27 28 31 #SUP: 211285
18 27 29 #SUP: 248907
18 27 29 31 #SUP: 233792
18 27 29 31 43 #SUP: 200758
18 27 29 43 #SUP: 213172
18 27 31 #SUP: 265923
18 27 31 41 #SUP: 216062
18 27 31 43 #SUP: 228305
18 27 31 59 #SUP: 206336
18 27 41 #SUP: 222918
18 27 43 #SUP: 242454
18 27 59 #SUP: 211229
18 28 #SUP: 269629
18 28 29 #SUP: 234630
18 28 29 31 #SUP: 222926
18 28 29 43 #SUP: 201630
18 28 31 #SUP: 255868
18 28 31 41 #SUP: 207483
18 28 31 43 #SUP: 220459
18 28 41 #SUP: 214362
18 28 43 #SUP: 231845
18 28 59 #SUP: 202420
18 29 #SUP: 298197
18 29 31 #SUP: 278848
18 29 31 41 #SUP: 227107
18 29 31 43 #SUP: 239409
18 29 31 59 #SUP: 214175
18 29 41 #SUP: 235067
18 29 41 43 #SUP: 203450
18 29 43 #SUP: 255368
18 29 59 #SUP: 219332
18 31 #SUP: 317103
18 31 41 #SUP: 254663
18 31 41 43 #SUP: 221173
18 31 41 59 #SUP: 211422
18 31 43 #SUP: 272362
18 31 43 59 #SUP: 213657
18 31 59 #SUP: 239855
18 31 63 #SUP: 205681
18 38 #SUP: 209987
18 41 #SUP: 263796
18 41 43 #SUP: 228933
18 41 59 #SUP: 216276
18 43 #SUP: 290493
18 43 59 #SUP: 219004
18 59 #SUP: 245825
18 63 #SUP: 219953
21 #SUP: 302446
21 22 #SUP: 204015
21 24 #SUP: 242140
21 24 27 #SUP: 216911
21 24 27 31 #SUP: 204509
21 24 29 #SUP: 216130
21 24 29 31 #SUP: 203488
21 24 31 #SUP: 228016
21 24 43 #SUP: 208467
21 25 #SUP: 224117
21 25 31 #SUP: 209643
21 27 #SUP: 272438
21 27 28 #SUP: 212080
21 27 28 31 #SUP: 202568
21 27 29 #SUP: 240270
21 27 29 31 #SUP: 226077
21 27 29 43 #SUP: 206150
21 27 31 #SUP: 256335
21 27 31 41 #SUP: 208561
21 27 31 43 #SUP: 220378
21 27 41 #SUP: 214774
21 27 43 #SUP: 233648
21 27 59 #SUP: 202670
21 28 #SUP: 236403
21 28 29 #SUP: 208167
21 28 31 #SUP: 225482
21 28 43 #SUP: 202464
21 29 #SUP: 268665
21 29 31 #SUP: 252402
21 29 31 41 #SUP: 206458
21 29 31 43 #SUP: 216278
21 29 41 #SUP: 212694
21 29 43 #SUP: 229625
21 29 59 #SUP: 200112
21 31 #SUP: 284154
21 31 41 #SUP: 229073
21 31 43 #SUP: 243422
21 31 59 #SUP: 217973
21 41 #SUP: 236070
21 41 43 #SUP: 204278
21 43 #SUP: 258402
21 59 #SUP: 222618
22 #SUP: 230180
22 31 #SUP: 219339
24 #SUP: 274213
24 25 #SUP: 211052
24 27 #SUP: 226287
24 27 31 #SUP: 212955
24 28 #SUP: 219189
24 28 31 #SUP: 208921
24 29 #SUP: 242229
24 29 31 #SUP: 227064
24 29 43 #SUP: 208910
24 31 #SUP: 257123
24 31 41 #SUP: 207384
24 31 43 #SUP: 222613
24 41 #SUP: 214152
24 43 #SUP: 236664
24 59 #SUP: 202083
25 #SUP: 258434
25 27 #SUP: 208081
25 28 #SUP: 212839
25 28 31 #SUP: 201337
25 29 #SUP: 224211
25 29 31 #SUP: 208504
25 31 #SUP: 240490
25 31 43 #SUP: 210002
25 43 #SUP: 224947
27 #SUP: 284036
27 28 #SUP: 222446
27 28 31 #SUP: 211885
27 29 #SUP: 249682
27 29 31 #SUP: 234438
27 29 31 43 #SUP: 201298
27 29 43 #SUP: 213817
27 31 #SUP: 266632
27 31 41 #SUP: 216648
27 31 43 #SUP: 228902
27 31 59 #SUP: 206677
27 41 #SUP: 223549
27 43 #SUP: 243163
27 59 #SUP: 211596
28 #SUP: 270565
28 29 #SUP: 235484
28 29 31 #SUP: 223642
28 29 43 #SUP: 202336
28 31 #SUP: 256653
28 31 41 #SUP: 208126
28 31 43 #SUP: 221118
28 41 #SUP: 215060
28 43 #SUP: 232622
28 59 #SUP: 202872
29 #SUP: 299191
29 31 #SUP: 279681
29 31 41 #SUP: 227793
29 31 43 #SUP: 240102
29 31 59 #SUP: 214594
29 41 #SUP: 235808
29 41 43 #SUP: 204079
29 43 #SUP: 256190
29 59 #SUP: 219779
31 #SUP: 318014
31 41 #SUP: 255404
31 41 43 #SUP: 221809
31 41 59 #SUP: 211830
31 43 #SUP: 273126
31 43 59 #SUP: 214038
31 59 #SUP: 240296
31 63 #SUP: 206292
38 #SUP: 210629
41 #SUP: 264597
41 43 #SUP: 229618
41 59 #SUP: 216707
43 #SUP: 291396
43 59 #SUP: 219408
59 #SUP: 246294
63 #SUP: 220658
