3 #SUP: 549
10 #SUP: 1372
11 #SUP: 712
12 #SUP: 711
19 #SUP: 860
20 #SUP: 1005
24 #SUP: 758
31 #SUP: 540
32 #SUP: 920
33 #SUP: 15167
37 #SUP: 2936
38 #SUP: 1074
39 #SUP: 15596
40 #SUP: 50675
42 #SUP: 14945
46 #SUP: 911
48 #SUP: 444
49 #SUP: 42135
50 #SUP: 1120
53 #SUP: 501
54 #SUP: 509
56 #SUP: 704
57 #SUP: 535
61 #SUP: 1489
63 #SUP: 543
66 #SUP: 4472
77 #SUP: 869
79 #SUP: 1060
80 #SUP: 1600
81 #SUP: 464
90 #SUP: 3837
95 #SUP: 516
102 #SUP: 2237
104 #SUP: 812
106 #SUP: 657
108 #SUP: 765
111 #SUP: 2794
118 #SUP: 1026
124 #SUP: 1302
137 #SUP: 467
148 #SUP: 1779
151 #SUP: 597
156 #SUP: 546
157 #SUP: 830
162 #SUP: 1010
171 #SUP: 3099
176 #SUP: 970
179 #SUP: 479
180 #SUP: 998
186 #SUP: 1376
187 #SUP: 660
202 #SUP: 1133
209 #SUP: 529
210 #SUP: 611
226 #SUP: 3257
230 #SUP: 820
238 #SUP: 3032
243 #SUP: 911
250 #SUP: 1160
252 #SUP: 621
256 #SUP: 1474
259 #SUP: 987
260 #SUP: 684
261 #SUP: 691
262 #SUP: 523
265 #SUP: 895
268 #SUP: 584
270 #SUP: 701
271 #SUP: 1734
272 #SUP: 2094
273 #SUP: 650
280 #SUP: 633
282 #SUP: 453
287 #SUP: 1183
298 #SUP: 525
302 #SUP: 1204
311 #SUP: 2594
335 #SUP: 774
339 #SUP: 1274
341 #SUP: 643
346 #SUP: 490
366 #SUP: 442
372 #SUP: 782
375 #SUP: 584
380 #SUP: 677
390 #SUP: 831
397 #SUP: 674
399 #SUP: 515
406 #SUP: 879
408 #SUP: 693
409 #SUP: 479
414 #SUP: 1880
419 #SUP: 481
421 #SUP: 600
426 #SUP: 606
427 #SUP: 508
433 #SUP: 466
439 #SUP: 1863
442 #SUP: 609
450 #SUP: 690
465 #SUP: 695
476 #SUP: 2167
480 #SUP: 926
489 #SUP: 720
491 #SUP: 445
523 #SUP: 974
534 #SUP: 1487
536 #SUP: 718
545 #SUP: 851
549 #SUP: 1137
550 #SUP: 843
571 #SUP: 792
572 #SUP: 513
582 #SUP: 574
590 #SUP: 1119
593 #SUP: 1227
605 #SUP: 1209
624 #SUP: 525
650 #SUP: 857
665 #SUP: 752
676 #SUP: 601
678 #SUP: 1110
682 #SUP: 704
704 #SUP: 806
705 #SUP: 526
741 #SUP: 1181
767 #SUP: 797
773 #SUP: 752
784 #SUP: 965
790 #SUP: 648
791 #SUP: 523
794 #SUP: 494
799 #SUP: 503
807 #SUP: 741
809 #SUP: 482
810 #SUP: 626
813 #SUP: 821
825 #SUP: 1210
832 #SUP: 454
847 #SUP: 595
856 #SUP: 519
857 #SUP: 494
866 #SUP: 632
879 #SUP: 570
886 #SUP: 576
911 #SUP: 519
914 #SUP: 543
917 #SUP: 543
948 #SUP: 591
957 #SUP: 911
962 #SUP: 540
977 #SUP: 817
1005 #SUP: 1102
1021 #SUP: 465
1044 #SUP: 551
1068 #SUP: 584
1114 #SUP: 448
1136 #SUP: 667
1145 #SUP: 599
1147 #SUP: 1426
1199 #SUP: 660
1240 #SUP: 569
1328 #SUP: 1786
1345 #SUP: 753
1356 #SUP: 512
1394 #SUP: 1161
1405 #SUP: 446
1418 #SUP: 536
1436 #SUP: 765
1480 #SUP: 472
1579 #SUP: 874
1586 #SUP: 450
1601 #SUP: 801
1660 #SUP: 459
1678 #SUP: 468
1694 #SUP: 524
1705 #SUP: 450
1715 #SUP: 507
1716 #SUP: 590
1784 #SUP: 600
1815 #SUP: 688
1868 #SUP: 467
1873 #SUP: 572
1987 #SUP: 614
1988 #SUP: 482
2047 #SUP: 625
2052 #SUP: 461
2081 #SUP: 481
2119 #SUP: 525
2136 #SUP: 461
2169 #SUP: 499
2185 #SUP: 462
2200 #SUP: 597
2239 #SUP: 1715
2285 #SUP: 508
2330 #SUP: 488
2384 #SUP: 569
2400 #SUP: 481
2438 #SUP: 571
2880 #SUP: 481
2959 #SUP: 904
3271 #SUP: 950
3617 #SUP: 654
4337 #SUP: 589
4884 #SUP: 521
8979 #SUP: 606
10445 #SUP: 473
10447 #SUP: 618
10516 #SUP: 882
12926 #SUP: 1467
12930 #SUP: 742
12947 #SUP: 535
12960 #SUP: 476
13042 #SUP: 1051
14099 #SUP: 1291
14934 #SUP: 479
15619 #SUP: 614
15833 #SUP: 1143
16011 #SUP: 1316
16012 #SUP: 669
16218 #SUP: 1166
791 39 #SUP: 508
57 39 #SUP: 514
790 40 #SUP: 447
273 40 #SUP: 446
106 39 #SUP: 643
106 40 #SUP: 455
106 39 40 #SUP: 449
1136 49 #SUP: 541
1136 40 #SUP: 458
16012 16011 #SUP: 651
1815 49 #SUP: 451
1815 40 #SUP: 471
270 40 #SUP: 441
56 39 #SUP: 657
56 40 #SUP: 452
12 49 #SUP: 463
12 40 #SUP: 472
11 40 #SUP: 452
807 40 #SUP: 493
12930 40 #SUP: 470
665 40 #SUP: 481
773 49 #SUP: 442
1345 40 #SUP: 485
24 40 #SUP: 512
108 49 #SUP: 467
1436 40 #SUP: 459
335 49 #SUP: 443
335 40 #SUP: 506
372 39 #SUP: 767
372 40 #SUP: 532
372 39 40 #SUP: 526
571 49 #SUP: 514
571 40 #SUP: 558
767 49 #SUP: 489
767 40 #SUP: 470
1601 49 #SUP: 444
1601 40 #SUP: 474
704 49 #SUP: 467
704 40 #SUP: 453
104 40 #SUP: 512
977 49 #SUP: 456
977 40 #SUP: 471
230 49 #SUP: 545
230 40 #SUP: 503
813 49 #SUP: 463
813 40 #SUP: 471
157 49 #SUP: 473
157 40 #SUP: 582
390 40 #SUP: 544
550 49 #SUP: 513
550 40 #SUP: 492
545 49 #SUP: 504
545 40 #SUP: 524
650 49 #SUP: 490
650 40 #SUP: 531
19 49 #SUP: 465
19 40 #SUP: 540
77 49 #SUP: 485
77 40 #SUP: 529
1579 49 #SUP: 469
1579 40 #SUP: 576
406 49 #SUP: 525
406 40 #SUP: 500
10516 49 #SUP: 524
10516 40 #SUP: 528
265 49 #SUP: 534
265 40 #SUP: 599
2959 49 #SUP: 779
2959 40 #SUP: 655
2959 49 40 #SUP: 570
46 49 #SUP: 492
46 40 #SUP: 559
243 40 #SUP: 564
957 49 #SUP: 540
957 40 #SUP: 600
32 49 #SUP: 493
32 40 #SUP: 538
480 49 #SUP: 513
480 40 #SUP: 580
3271 49 #SUP: 592
3271 40 #SUP: 576
784 49 #SUP: 583
784 40 #SUP: 640
176 49 #SUP: 493
176 40 #SUP: 631
523 49 #SUP: 582
523 40 #SUP: 648
259 49 #SUP: 643
259 40 #SUP: 628
259 49 40 #SUP: 452
180 49 #SUP: 624
180 40 #SUP: 653
180 49 40 #SUP: 452
20 49 #SUP: 591
20 40 #SUP: 592
162 49 #SUP: 517
162 40 #SUP: 622
118 49 #SUP: 601
118 40 #SUP: 554
13042 49 #SUP: 602
13042 40 #SUP: 688
13042 49 40 #SUP: 444
79 49 #SUP: 824
79 40 #SUP: 774
79 49 40 #SUP: 610
38 39 #SUP: 1046
38 39 49 #SUP: 557
38 39 40 #SUP: 684
38 49 #SUP: 565
38 40 #SUP: 707
1005 49 #SUP: 614
1005 40 #SUP: 583
678 49 #SUP: 666
678 40 #SUP: 635
678 49 40 #SUP: 446
590 49 #SUP: 628
590 40 #SUP: 708
590 49 40 #SUP: 443
50 49 #SUP: 843
50 40 #SUP: 768
50 49 40 #SUP: 617
202 49 #SUP: 674
202 40 #SUP: 669
202 49 40 #SUP: 451
549 49 #SUP: 658
549 40 #SUP: 663
549 49 40 #SUP: 467
15833 49 #SUP: 585
15833 40 #SUP: 718
250 49 #SUP: 675
250 40 #SUP: 752
250 49 40 #SUP: 510
1394 49 #SUP: 669
1394 40 #SUP: 789
1394 49 40 #SUP: 507
16218 49 #SUP: 647
16218 40 #SUP: 728
16218 49 40 #SUP: 463
741 49 #SUP: 520
741 40 #SUP: 759
287 39 #SUP: 1116
287 39 49 #SUP: 581
287 39 40 #SUP: 728
287 39 49 40 #SUP: 458
287 49 #SUP: 591
287 49 40 #SUP: 464
287 40 #SUP: 750
302 49 #SUP: 658
302 40 #SUP: 715
302 49 40 #SUP: 473
605 49 #SUP: 687
605 40 #SUP: 775
605 49 40 #SUP: 520
825 49 #SUP: 701
825 40 #SUP: 703
825 49 40 #SUP: 471
593 49 #SUP: 743
593 40 #SUP: 723
593 49 40 #SUP: 515
339 49 #SUP: 779
339 40 #SUP: 742
339 49 40 #SUP: 516
14099 49 #SUP: 698
14099 40 #SUP: 801
14099 49 40 #SUP: 540
124 49 #SUP: 797
124 40 #SUP: 726
124 49 40 #SUP: 509
16011 42 #SUP: 467
16011 49 #SUP: 730
16011 49 40 #SUP: 529
16011 40 #SUP: 829
10 49 #SUP: 790
10 40 #SUP: 832
10 49 40 #SUP: 546
186 49 #SUP: 816
186 40 #SUP: 828
186 49 40 #SUP: 555
1147 42 #SUP: 501
1147 49 #SUP: 811
1147 49 40 #SUP: 623
1147 40 #SUP: 983
12926 49 #SUP: 817
12926 40 #SUP: 938
12926 49 40 #SUP: 588
256 49 #SUP: 1057
256 40 #SUP: 1057
256 49 40 #SUP: 813
534 49 #SUP: 861
534 40 #SUP: 922
534 49 40 #SUP: 632
61 49 #SUP: 815
61 40 #SUP: 983
61 49 40 #SUP: 609
80 42 #SUP: 499
80 49 #SUP: 893
80 49 40 #SUP: 699
80 40 #SUP: 1111
2239 42 #SUP: 570
2239 42 40 #SUP: 472
2239 49 #SUP: 955
2239 49 40 #SUP: 788
2239 40 #SUP: 1287
271 272 #SUP: 680
271 272 40 #SUP: 484
271 42 #SUP: 508
271 49 #SUP: 957
271 49 40 #SUP: 733
271 40 #SUP: 1194
148 49 #SUP: 1036
148 40 #SUP: 1137
148 49 40 #SUP: 742
1328 42 #SUP: 459
1328 49 #SUP: 968
1328 49 40 #SUP: 720
1328 40 #SUP: 1156
439 49 #SUP: 1025
439 40 #SUP: 1260
439 49 40 #SUP: 780
414 49 #SUP: 1135
414 40 #SUP: 1130
414 49 40 #SUP: 781
272 42 #SUP: 584
272 42 40 #SUP: 451
272 33 #SUP: 470
272 49 #SUP: 1090
272 49 40 #SUP: 827
272 40 #SUP: 1434
476 42 #SUP: 570
476 42 40 #SUP: 476
476 33 #SUP: 447
476 49 #SUP: 1428
476 49 40 #SUP: 1092
476 40 #SUP: 1500
102 42 #SUP: 476
102 49 #SUP: 1311
102 49 40 #SUP: 946
102 40 #SUP: 1400
311 42 #SUP: 719
311 42 49 #SUP: 547
311 42 40 #SUP: 625
311 42 49 40 #SUP: 486
311 33 #SUP: 541
311 49 #SUP: 1692
311 49 40 #SUP: 1347
311 40 #SUP: 1852
111 42 #SUP: 677
111 42 39 #SUP: 666
111 42 40 #SUP: 515
111 42 39 40 #SUP: 511
111 33 #SUP: 449
111 33 39 #SUP: 443
111 39 #SUP: 2725
111 39 49 #SUP: 1361
111 39 40 #SUP: 1740
111 39 49 40 #SUP: 1031
111 49 #SUP: 1380
111 49 40 #SUP: 1037
111 40 #SUP: 1759
37 42 #SUP: 700
37 42 39 #SUP: 671
37 42 40 #SUP: 572
37 42 39 40 #SUP: 553
37 33 #SUP: 494
37 33 39 #SUP: 472
37 39 #SUP: 2790
37 39 49 #SUP: 1360
37 39 40 #SUP: 1945
37 39 49 40 #SUP: 1080
37 49 #SUP: 1416
37 49 40 #SUP: 1116
37 40 #SUP: 2037
238 42 #SUP: 597
238 42 40 #SUP: 477
238 33 #SUP: 568
238 39 #SUP: 683
238 39 40 #SUP: 512
238 49 #SUP: 1682
238 49 40 #SUP: 1244
238 40 #SUP: 1929
171 42 #SUP: 805
171 42 39 #SUP: 794
171 42 39 49 #SUP: 484
171 42 39 40 #SUP: 615
171 42 49 #SUP: 492
171 42 40 #SUP: 624
171 33 #SUP: 540
171 33 39 #SUP: 532
171 39 #SUP: 3031
171 39 49 #SUP: 1538
171 39 40 #SUP: 2019
171 39 49 40 #SUP: 1193
171 49 #SUP: 1557
171 49 40 #SUP: 1206
171 40 #SUP: 2059
226 42 #SUP: 877
226 42 49 #SUP: 537
226 42 40 #SUP: 726
226 42 49 40 #SUP: 469
226 33 #SUP: 655
226 33 40 #SUP: 466
226 39 #SUP: 681
226 39 40 #SUP: 535
226 49 #SUP: 1736
226 49 40 #SUP: 1400
226 40 #SUP: 2351
90 42 #SUP: 732
90 42 49 #SUP: 606
90 42 40 #SUP: 619
90 42 49 40 #SUP: 522
90 33 #SUP: 713
90 33 49 #SUP: 573
90 33 40 #SUP: 532
90 33 49 40 #SUP: 451
90 39 #SUP: 764
90 39 49 #SUP: 578
90 39 40 #SUP: 589
90 39 49 40 #SUP: 467
90 49 #SUP: 2798
90 49 40 #SUP: 2125
90 40 #SUP: 2749
66 42 #SUP: 995
66 42 49 #SUP: 663
66 42 40 #SUP: 792
66 42 49 40 #SUP: 547
66 33 #SUP: 774
66 33 49 #SUP: 492
66 33 40 #SUP: 512
66 39 #SUP: 643
66 39 40 #SUP: 488
66 49 #SUP: 2529
66 49 40 #SUP: 1797
66 40 #SUP: 2787
42 33 #SUP: 3196
42 33 39 #SUP: 805
42 33 39 49 #SUP: 540
42 33 39 40 #SUP: 622
42 33 39 49 40 #SUP: 448
42 33 49 #SUP: 2063
42 33 49 40 #SUP: 1646
42 33 40 #SUP: 2359
42 39 #SUP: 3897
42 39 49 #SUP: 2374
42 39 40 #SUP: 3051
42 39 49 40 #SUP: 1991
42 49 #SUP: 9018
42 49 40 #SUP: 7366
42 40 #SUP: 11414
33 39 #SUP: 2833
33 39 49 #SUP: 1646
33 39 40 #SUP: 1840
33 39 49 40 #SUP: 1236
33 49 #SUP: 8034
33 49 40 #SUP: 5402
33 40 #SUP: 8455
39 49 #SUP: 7944
39 40 #SUP: 10345
39 49 40 #SUP: 6102
49 40 #SUP: 29142
