10 #SUP: 1372
20 #SUP: 1005
32 #SUP: 920
33 #SUP: 15167
37 #SUP: 2936
38 #SUP: 1074
39 #SUP: 15596
40 #SUP: 50675
42 #SUP: 14945
46 #SUP: 911
49 #SUP: 42135
50 #SUP: 1120
61 #SUP: 1489
66 #SUP: 4472
79 #SUP: 1060
80 #SUP: 1600
90 #SUP: 3837
102 #SUP: 2237
111 #SUP: 2794
118 #SUP: 1026
124 #SUP: 1302
148 #SUP: 1779
162 #SUP: 1010
171 #SUP: 3099
176 #SUP: 970
180 #SUP: 998
186 #SUP: 1376
202 #SUP: 1133
226 #SUP: 3257
238 #SUP: 3032
243 #SUP: 911
250 #SUP: 1160
256 #SUP: 1474
259 #SUP: 987
265 #SUP: 895
271 #SUP: 1734
272 #SUP: 2094
287 #SUP: 1183
302 #SUP: 1204
311 #SUP: 2594
339 #SUP: 1274
414 #SUP: 1880
439 #SUP: 1863
476 #SUP: 2167
480 #SUP: 926
523 #SUP: 974
534 #SUP: 1487
549 #SUP: 1137
590 #SUP: 1119
593 #SUP: 1227
605 #SUP: 1209
678 #SUP: 1110
741 #SUP: 1181
784 #SUP: 965
825 #SUP: 1210
957 #SUP: 911
1005 #SUP: 1102
1147 #SUP: 1426
1328 #SUP: 1786
1394 #SUP: 1161
2239 #SUP: 1715
2959 #SUP: 904
3271 #SUP: 950
10516 #SUP: 882
12926 #SUP: 1467
13042 #SUP: 1051
14099 #SUP: 1291
15833 #SUP: 1143
16011 #SUP: 1316
16218 #SUP: 1166
38 39 #SUP: 1046
287 39 #SUP: 1116
1147 40 #SUP: 983
12926 40 #SUP: 938
256 49 #SUP: 1057
256 40 #SUP: 1057
534 40 #SUP: 922
61 40 #SUP: 983
80 49 #SUP: 893
80 40 #SUP: 1111
2239 49 #SUP: 955
2239 40 #SUP: 1287
271 49 #SUP: 957
271 40 #SUP: 1194
148 49 #SUP: 1036
148 40 #SUP: 1137
1328 49 #SUP: 968
1328 40 #SUP: 1156
439 49 #SUP: 1025
439 40 #SUP: 1260
414 49 #SUP: 1135
414 40 #SUP: 1130
272 49 #SUP: 1090
272 40 #SUP: 1434
476 49 #SUP: 1428
476 40 #SUP: 1500
476 49 40 #SUP: 1092
102 49 #SUP: 1311
102 40 #SUP: 1400
102 49 40 #SUP: 946
311 49 #SUP: 1692
311 40 #SUP: 1852
311 49 40 #SUP: 1347
111 39 #SUP: 2725
111 39 49 #SUP: 1361
111 39 40 #SUP: 1740
111 39 49 40 #SUP: 1031
111 49 #SUP: 1380
111 49 40 #SUP: 1037
111 40 #SUP: 1759
37 39 #SUP: 2790
37 39 49 #SUP: 1360
37 39 40 #SUP: 1945
37 39 49 40 #SUP: 1080
37 49 #SUP: 1416
37 49 40 #SUP: 1116
37 40 #SUP: 2037
238 49 #SUP: 1682
238 40 #SUP: 1929
238 49 40 #SUP: 1244
171 39 #SUP: 3031
171 39 49 #SUP: 1538
171 39 40 #SUP: 2019
171 39 49 40 #SUP: 1193
171 49 #SUP: 1557
171 49 40 #SUP: 1206
171 40 #SUP: 2059
226 49 #SUP: 1736
226 40 #SUP: 2351
226 49 40 #SUP: 1400
90 49 #SUP: 2798
90 40 #SUP: 2749
90 49 40 #SUP: 2125
66 42 #SUP: 995
66 49 #SUP: 2529
66 49 40 #SUP: 1797
66 40 #SUP: 2787
42 33 #SUP: 3196
42 33 49 #SUP: 2063
42 33 40 #SUP: 2359
42 33 49 40 #SUP: 1646
42 39 #SUP: 3897
42 39 49 #SUP: 2374
42 39 40 #SUP: 3051
42 39 49 40 #SUP: 1991
42 49 #SUP: 9018
42 49 40 #SUP: 7366
42 40 #SUP: 11414
33 39 #SUP: 2833
33 39 49 #SUP: 1646
33 39 40 #SUP: 1840
33 39 49 40 #SUP: 1236
33 49 #SUP: 8034
33 49 40 #SUP: 5402
33 40 #SUP: 8455
39 49 #SUP: 7944
39 40 #SUP: 10345
39 49 40 #SUP: 6102
49 40 #SUP: 29142
